2	364.625
3.5	380
5	346.0625
5.5	390.8
8.5	332.7
8.6428571429	402.5714285714
13.2777777778	100.0555555556
14	320.75
13.5	412.9
16.5	117.4444444444
18	84.0833333333
19	424.0833333333
20.5	310.1428571429
25.5	72.6111111111
26.5	128.0909090909
25.5	434.8571428571
28.5	299.4444444444
27.2777777778	746.2777777778
27.7	764.6
29.6666666667	728.5833333333
30.0714285714	777
33	445.125
35.5	62.2272727273
33.5	716.7
34	790.875
37.5	134.2272727273
38	288.55
39	705.3333333333
42	455.65
40	802.3333333333
46.5	53.3181818182
46	694.5625
48.5	137.5909090909
48.5	278.4545454545
47	813.875
52.5	466.0454545455
55	683.65
56.5	824.9090909091
57.5	45.8181818182
59.5	139
59.5	269.1363636364
63.5	475.4545454545
65.5	673.5454545455
67.5	833.6818181818
68.5	39.3636363636
70.5	137.8181818182
70.5	260.6818181818
74.5	483.5909090909
76.5	664.7727272727
78.5	838.5454545455
79.5	33.5
81.5	132.8181818182
81.5	252.8636363636
85.5	490.8181818182
87.5	657.4090909091
89.5	839.5454545455
90.5	28.5909090909
92	124
92.5	245.7272727273
96.5	497.3181818182
98.5	651.0454545455
100.5	837.2272727273
101.5	23.9090909091
102	112.95
103.5	239.0909090909
107.5	503
109.5	645.5
111.5	832.9090909091
112.5	19.7727272727
112.5	101.0454545455
114.5	232.7272727273
118.5	508.4545454545
120.5	640.5454545455
122.5	826.9545454545
123.5	16.1363636364
123.5	91.9090909091
125.5	226.8181818182
129.5	513.3181818182
131.5	636.1818181818
133.5	820
134.5	13
134.5	86.5909090909
136.5	221
140.5	517.7727272727
142.5	632.1818181818
144.5	812.6363636364
145.5	10.4090909091
145.5	84.3636363636
147.5	215.6363636364
151.5	521.8181818182
153.5	628.6363636364
155.5	805.1363636364
156.5	8.5454545455
156.5	84
158.5	210.5
162.5	525.5454545455
164.5	625.5
166.5	798.0909090909
167.5	7.3181818182
167.5	84.5909090909
169.5	205.6363636364
168.2777777778	958.1666666667
173.5	529
170.9285714286	974.6428571429
171.6428571429	942.2142857143
175.5	622.5909090909
177.5	792
178.5	7
178.5	85.5909090909
175.5	930
179.5	986.2272727273
180.5	200.7727272727
181	918.5
181.2142857143	344.7857142857
180.7	361.3
184.5	532.1818181818
181.7	374.1
183.5	327.5833333333
183.3333333333	385.8333333333
186.5	619.9090909091
188.5	787.3636363636
189.5	8.0909090909
189.5	86
186.6428571429	314.9285714286
186.5	398.1666666667
187	907.3333333333
190.5	994.4545454545
191.5	196.1363636364
189.9285714286	409
190.5	301.7
195.5	535.0909090909
193.5	896.2142857143
197.5	617.4090909091
196	289.5833333333
196	420.5833333333
199.5	785.1818181818
200.5	10.2727272727
200.5	85.8181818182
201.5	998.8636363636
202.5	191.5909090909
200.5	884.8571428571
202.5	278.4285714286
202.5	431.8571428571
206.5	537.8181818182
208.5	615.1818181818
207.5	873.1428571429
210.5	787.1363636364
211.5	14.5
211.5	83.4090909091
211	267.4
210.5	442.5
212.5	1000.8636363636
213.5	187.2272727273
214	861.9166666667
217.5	540.1818181818
219.5	613.1818181818
220.5	452.4090909091
221.5	257.0909090909
220.5	794.2222222222
222.5	21.5909090909
222.5	76.5909090909
219.5	851.4
223.5	1002
224.5	183.0909090909
225.0714285714	840.3571428571
228.5	542.5
230.5	611.3181818182
227.5	805.3
231.5	460.2727272727
228	829.875
232.5	249.3181818182
229.5	816
231	31.5
231	66.1666666667
234.5	1001.0454545455
235.5	179.2727272727
230.5	823
234.5	44.75
234	57
239.5	544.5454545455
241.5	609.7727272727
242.5	465.7272727273
243.5	244.1363636364
245.5	999.7272727273
246.5	175.7272727273
250.5	546.4545454545
252.5	609
253.5	469
254.5	241.0909090909
256.5	997.6363636364
257.5	172.6363636364
261.5	548.1818181818
263.5	609.5909090909
264.5	470
265.5	240
267.5	994.9090909091
268.5	169.6818181818
272.5	549.5909090909
274.5	610.9090909091
275.5	469.5454545455
276.5	240.9090909091
278.5	991.5
279.5	167.0909090909
283.5	551
285.5	613
286.5	466.8636363636
287.5	243.7727272727
289.5	987.6818181818
290.5	164.8181818182
294.5	552.3181818182
296.5	615.5
297.5	462.0454545455
298.5	248.6818181818
300.5	982.9545454545
301.5	162.7272727273
305.5	553.3181818182
307.5	618.5
308.5	454.9090909091
309.5	256.1363636364
311.5	976.4545454545
312.5	160.8636363636
316.5	554.1363636364
318.5	621.7272727273
319	445.35
320	266.1
322	966.8
323.5	159.3636363636
327.5	555
328	434.1875
329.5	625.1818181818
328.5	276.8571428571
331	956.25
334.5	158
335	287.6666666667
335	422.8333333333
338.5	555.6818181818
340.5	628.5454545455
338.5	945.3571428571
340.5	299.3
341	411.5833333333
345.5	156.8636363636
344.5	402.0833333333
345.5	934.0714285714
344.6666666667	312.0833333333
349.5	556
347.5	323
347.6428571429	390.2857142857
351.5	631.7727272727
350.1	336.3
350.2142857143	376.2142857143
351.3333333333	351.3333333333
350.8333333333	363.3333333333
352.5	921.8571428571
356.5	156
360.5	556.4090909091
359.5	909.7142857143
362.5	634.8636363636
367.5	155.1818181818
366.5	898.0714285714
371.5	557
373.5	637.3181818182
374	886.8125
378.5	155
382.5	557
383	875.85
384.5	639.4545454545
389.5	155
393.5	557
393.5	866.5909090909
395.5	640.6818181818
400.5	155
404.5	556.0909090909
404.5	860.4090909091
406.5	641
411.5	155
415.5	556
415.5	857.4545454545
417.5	640.6363636364
422.5	155
426.5	555.4545454545
426.5	857.1818181818
428.5	639.3181818182
433.5	155.7727272727
437.5	554.8181818182
437.5	859.5
439.5	637.2272727273
444.5	156.4090909091
448.5	553.9090909091
448.5	864.4090909091
450.5	634.5909090909
455.5	157.3636363636
459.5	552.8636363636
459.5	872.5
461.5	631.4090909091
466.5	158.5
470.5	551.6818181818
469.5	882.5
472.5	627.8181818182
477.5	159.7727272727
475	349.875
476.3	333.2
476.5	367.7857142857
478	893
478.5	319.5
478.5	381.3
481.5	550.4545454545
483.5	624
482	306.8125
481.5	392.9166666667
485.5	404.1428571429
486	904.375
488.5	161.3636363636
485.5	294.5
492.5	548.9545454545
491	282.5833333333
492	416.8333333333
494.5	620
493.5	915.5
499.5	163.0909090909
498	270.75
499	428.125
500.5	926.1428571429
503.5	547.4545454545
505.5	616.0909090909
507	259.4
508	439.2
508	937.4375
510.5	164.9090909091
514.5	545.5909090909
516.5	612.1818181818
517.5	249.5
516	948.5625
518.5	448.6818181818
521.5	167
525.5	543.7272727273
525	959.5
527.5	608.5454545455
528.5	242.1363636364
526.7222222222	41.8518518519
529.5	455.8636363636
529	58.4166666667
532.5	169.2272727273
531	25.3333333333
535.5	970.1363636364
536.5	541.6818181818
537	70.3
538.5	605.3181818182
539.5	16
539.5	237.2727272727
540.5	460.5454545455
543.5	171.7727272727
546.5	978.4545454545
547.5	77.7272727273
547.5	539.5
549.5	602.5909090909
550.5	9.1363636364
550.5	234.4545454545
551.5	463.1363636364
554.5	174.3636363636
557.5	984.2272727273
558.5	80.7272727273
558.5	537.1363636364
560.5	600.4545454545
561.5	5.1818181818
561.5	234
562.5	463.9545454545
565.5	177.2272727273
568.5	988.4090909091
569.5	81.1818181818
569.5	534.6363636364
571.5	599.0909090909
572.5	3.1818181818
572.5	234.6818181818
573.5	462.4545454545
576.5	180.2727272727
579.5	992.3636363636
580.5	80.9545454545
580.5	531.9090909091
582.5	599
583.5	2
583.5	237.8181818182
584.5	459.1818181818
587.5	183.5454545455
590.5	995.6363636364
591.5	79.9545454545
591.5	529.0454545455
593.5	599.0454545455
594.5	2.6363636364
594.5	243.1363636364
595.5	453.7727272727
598.5	186.9090909091
601.5	998.5454545455
602.5	79
602.5	525.9090909091
604.5	600.2727272727
605.5	3.8181818182
605.5	250.8181818182
606.5	445.6363636364
609.5	190.4090909091
612.5	1000.7272727273
613.5	79.2727272727
613.5	522.6818181818
615.5	601.5454545455
616.5	5.8181818182
615.5	260.5
616.5	435.6111111111
620.5	193.7272727273
623.5	1002.1363636364
624.5	81.1818181818
624.5	519.2272727273
623.5	270.9285714286
624.5	425.0714285714
626.5	603
627.5	8.3636363636
625.3571428571	808
627	825.125
631.5	197.3181818182
629	793.25
630	281.75
631	413.6666666667
630.9285714286	838
634.5	1003
635.5	85.7272727273
635.5	515.5
637.5	604.5454545455
637.5	782.3636363636
638.5	11.5454545455
635.5	293.7
637	401.5
636.5	849.2
642.5	200.8181818182
639.8333333333	307.8888888889
640.9285714286	389.5714285714
642	860.1666666667
645.5	1001.7272727273
646.5	94.1818181818
643.5	321.3
643	377.875
646.5	511.5454545455
644.7	333.1
645.5	364.5833333333
648.5	606.4545454545
648.5	776.2727272727
649.5	15.2272727273
646.3	345.9
645.5	354.5
648	871.0833333333
653.5	204.5
654	881.6666666667
656.5	999.2272727273
656.5	105
657.5	507.2727272727
659.5	608.2727272727
659.5	775.4545454545
660.5	19.4090909091
660	892.3333333333
664.5	208.2272727273
666	116
667.5	993.8181818182
668.5	502.7727272727
666	903
670.5	610.4090909091
670.5	778.2272727273
671.5	24.0909090909
671.5	913.5
675.5	212.2272727273
676.5	125.7272727273
677	984.9375
679.5	497.9090909091
676.5	924.5
681.5	612.8636363636
681.5	782.7272727273
682.5	29.1363636364
680.9	936.5
686.5	216.3181818182
683.5	946.5833333333
683.6428571429	973.1428571429
687.5	132
686.1	959.3
690.5	492.7727272727
692.5	615.3636363636
692.5	788.6363636364
693.5	35.0909090909
697.5	220.6818181818
698.5	134
701.5	487.0454545455
703.5	618.3636363636
703.5	795
704.5	41.5909090909
708.5	225.2727272727
709.5	133.3636363636
712.5	481.1363636364
714.5	621.5909090909
714.5	801.5454545455
715.5	49.1818181818
719.5	230.2272727273
720.5	130.5454545455
723.5	474.5
725.5	625.2727272727
725.5	807.8636363636
726.5	58.2272727273
730.5	235.5
731.5	125.2272727273
734.5	467.2272727273
736.5	629.4090909091
736.5	813.3181818182
736	68.1875
741.5	241.3181818182
741	117.375
743	79.0833333333
745.5	459.3636363636
747.5	634.0909090909
747.5	817.5
747.6666666667	107.0833333333
748	90.5
747	98.5
752.5	247.7727272727
756.5	450.3181818182
758.5	639.5
758.5	819.7727272727
763.5	254.9545454545
767.5	440
769.5	645.5
769.5	819.4090909091
774.5	263.1818181818
778	429.05
780.5	652.6818181818
780.5	815.3181818182
785.5	273.0454545455
787	417.75
791.5	661.2727272727
791.5	807.6363636364
795	283.1875
794.5	406.6428571429
802	671.35
801.5	797.9444444444
800.5	395.5
802.5	293.7857142857
806.0714285714	385.1428571429
808.5	305.1
810	787
809.5	374.8333333333
811	682.1875
812.75	318.625
812.5	363
814.6666666667	351.6666666667
815	332.25
814.8333333333	341.8333333333
817	775.25
818	693
822.6666666667	763.5
823.5	704.5
826.9285714286	716.4285714286
826.5	751.6428571429
828.3	738.5
828.8333333333	728

