5.5952380952	172.7380952381
6.2857142857	188.0714285714
7.8157894737	154.4473684211
7.9166666667	200.4583333333
9.7666666667	211.3333333333
11.3666666667	139.0333333333
12.1428571429	224.8214285714
14.3571428571	128.2857142857
15	237.46875
18.2857142857	116.7857142857
17.6578947368	173.7105263158
17.5	188.6818181818
18.3571428571	248.8928571429
19.0333333333	157.1666666667
21	200.125
20.9	213.5
21.1	260.1333333333
22.4333333333	106.0333333333
23.2142857143	145.8571428571
24.0714285714	224.7857142857
25.3571428571	131.3571428571
25.1875	272.25
26.4333333333	94.2333333333
28.375	236.75
28.7380952381	177.6904761905
29.3571428571	283.8928571429
30.6428571429	118.3571428571
29.9166666667	160.6666666667
31.1666666667	82.7
31.75	194.1875
31.5	208.0454545455
32.1	249.3666666667
32.625	262.5
33.9736842105	143.3421052632
34.125	295.03125
35.7666666667	106.7666666667
35.7	218.4333333333
36.1666666667	72.1666666667
37.0833333333	272
39.4375	130.4375
39.7	231.7666666667
39.125	306.34375
40.4375	95.3125
39.95	173.55
41.4375	61.0625
40.9166666667	157.5833333333
42.3461538462	282.5
42.9444444444	191.4444444444
43.2777777778	205.2777777778
43.1470588235	246.7352941176
43.2777777778	260.2777777778
44.2058823529	317.5
45.4375	119.3125
46.4333333333	49.8333333333
46.375	83.0625
46.4333333333	148.8333333333
46.6428571429	216.7142857143
47.4166666667	294.25
48.1666666667	269.8333333333
49.3	328.5333333333
50.4333333333	108.1
50.7857142857	133.2142857143
50.6428571429	230.9285714286
51.7222222222	95.0555555556
51.1315789474	173.7631578947
52.3823529412	39.3235294118
52.3823529412	63.9117647059
52.9285714286	78.2142857143
53.1666666667	158.2777777778
53.1153846154	283.1153846154
52.9666666667	305.0333333333
53.9444444444	192.2777777778
54.2777777778	206.2777777778
53.9444444444	247.2777777778
54.625	261.25
55.25	339.09375
57.5	120.4166666667
58.6818181818	86.4090909091
57.6428571429	218.0714285714
58.1153846154	317.9615384615
58.375	27.5625
58.375	148.5625
59.1666666667	271.3333333333
61.6538461538	134.0384615385
61.6428571429	233
61.25	350.375
62.125	100.9375
62.9285714286	113.9285714286
62.1111111111	175.3333333333
63.125	44.625
62.5	58.1363636364
62.5	69.1363636364
63.9285714286	79.6428571429
63.7222222222	162.2777777778
63.125	286.625
62.5	300.1363636364
63.9285714286	310.6428571429
64	329.4285714286
64.3823529412	17.6764705882
64.6764705882	191.3235294118
65.2777777778	204.5
64.9117647059	246.0294117647
65.625	259
68.1153846154	121.5
67.3823529412	362.5294117647
69.1153846154	88.1923076923
68.2777777778	219.3333333333
70.1153846154	32.9615384615
69.3823529412	152.6764705882
69.3823529412	273.6764705882
70.4230769231	318.8076923077
69.9666666667	341.5666666667
70.5	5.5
71.9166666667	136.75
73.1923076923	103.1153846154
74.3571428571	47.5714285714
73.5	60.7727272727
73.5	71.7727272727
74.3571428571	168.5714285714
74.3571428571	289.5714285714
73.5	302.7727272727
75.4333333333	14.1
76.1923076923	180.3461538462
75.5	192.9545454545
75.5	203.9545454545
76.4375	233.6875
75.5	247.9545454545
75.5	258.9545454545
75.95	374.275
78.4375	112.8125
77.6	127.1
78.2777777778	354
79.4375	79.875
78.8333333333	94.1666666667
79.3571428571	212.9285714286
78.5	226
80.4375	24.9375
80.25	39.25
80.1315789474	144.7631578947
80.25	160.25
80.4333333333	267.4333333333
80.25	281.25
80.3823529412	310.5
79.5	325.3181818182
79.5	336.3181818182
79.5	347
83.2777777778	386.1111111111
84.5	50.5
84.5	61.5
84.5	292.5
86.5	171.5
86.5	182.5
86.5	193.5
86.5	237.5
86.5	248.5
86.5	369.5
88.5	105.5
88.5	116.5
88.5	127.5
88.5	358.5
89.5	72.5
89.5	83.5
89.5	94.5
89.5	204.5
89.5	215.5
89.5	226.5
90.5	17.5
90.5	28.5
90.5	39.5
90.5	138.5
90.5	149.5
90.5	160.5
90.5	259.5
90.5	270.5
90.5	281.5
90.5	303.5
90.5	314.5
90.5	325.5
90.5	336.5
90.5	347.5
91.1315789474	396.8947368421
93.5	380.5
95.5	50.5
95.5	61.5
95.5	292.5
97.5	171.5
97.5	182.5
97.5	193.5
97.5	237.5
97.5	248.5
97.5	369.5
99.1315789474	407.8947368421
99.5	105.5
99.5	116.5
99.5	127.5
99.5	358.5
100.5	72.5
100.5	83.5
100.5	94.5
100.5	204.5
100.5	215.5
100.5	226.5
101.5	17.5
101.5	28.5
101.5	39.5
101.5	138.5
101.5	149.5
101.5	160.5
101.5	259.5
101.5	270.5
101.5	281.5
101.5	303.5
101.5	314.5
101.5	325.5
101.5	336.5
101.5	347.5
101.5	391.5
104.5	380.5
106.9166666667	49.75
106.5	61.5909090909
106.9166666667	291.75
107.1315789474	418.8947368421
107.5	6.6818181818
109.3571428571	169.5714285714
108.5	182.7727272727
108.5	193.7727272727
109.3571428571	235.5714285714
108.5	248.7727272727
109.3571428571	367.5714285714
110.4333333333	400.1
111.4375	102.6875
110.5	116.9545454545
110.5	127.9545454545
111.1923076923	354.8076923077
112.4375	69.75
111.5	84.0454545455
109.8333333333	94.6666666667
112.3571428571	202.7857142857
111.5	216.0454545455
111.125	226.875
113.4375	14.8125
112.5	29.1363636364
112.6	40.1
113.1923076923	137.5
112.5	150.1363636364
112.5	161
113.4333333333	257.3
112.5	271.1363636364
112.6	282.1
113.3823529412	300.3823529412
112.5	315.1363636364
112.5	326.1363636364
112.5	337.1363636364
111.6666666667	347.8333333333
113.3571428571	386.7142857143
115.1315789474	430.2894736842
117.4090909091	374.4090909091
117.5	51.5
117.5	414.5
119.5	172.5
119.5	183.5
119.5	238.5
120.5	403.5
121.5	106.5
121.5	117.5
121.5	359.5
122.5	62.5
122.5	73.5
122.5	84.5
122.5	95.5
122.5	194.5
122.5	205.5
122.5	216.5
122.5	227.5
123.5	18.5
123.5	29.5
123.5	40.5
123.5	128.5
123.5	139.5
123.5	150.5
123.5	161.5
123.5	249.5
123.5	260.5
123.5	271.5
123.5	282.5
123.5	293.5
123.5	304.5
123.5	315.5
123.5	326.5
123.5	337.5
123.5	348.5
123.5	392.5
124.7380952381	441.0952380952
125.5	425.5
126.5	370.5
126.5	381.5
128.5	51.5
128.5	414.5
131.1923076923	171.1153846154
130.5	183.6818181818
131.1923076923	237.1153846154
132.3571428571	401.5714285714
133.4333333333	104.1
132.5	117.8636363636
133.4333333333	357.1
134.4375	59.6875
133.5	73.9545454545
133.5	84.9545454545
132.0714285714	95.6428571429
134.3571428571	192.7142857143
133.5	205.9545454545
133.5	216.9545454545
133.1666666667	227.8333333333
134.5	8.0454545455
134.5	19.0454545455
134.5	30.0454545455
134.5	41.0454545455
135.1923076923	127.4230769231
134.5	140.0454545455
134.5	151.0454545455
134.3888888889	161.9444444444
135.4333333333	247.2333333333
134.5	261.0454545455
134.5	272.0454545455
134.5	283.0454545455
134.5	294.0454545455
134.5	305.0454545455
134.5	316.0454545455
134.5	327.0454545455
134.5	338.0454545455
133.6428571429	348.7857142857
135.3571428571	388.4285714286
134.7380952381	452.7142857143
136.2777777778	433
136.9166666667	418.9166666667
138.4375	367.9375
138.1	382.1
141.5	173.5
142.5	404.5
143.5	107.5
144.5	52.5
144.5	63.5
144.5	74.5
144.5	85.5
144.5	96.5
144.5	184.5
144.5	195.5
144.5	206.5
144.5	217.5
144.5	228.5
144.7380952381	463.9761904762
145.5	8.5
145.5	19.5
145.5	30.5
145.5	41.5
145.5	118.5
145.5	129.5
145.5	140.5
145.5	151.5
145.5	162.5
145.5	239.5
145.5	250.5
145.5	261.5
145.5	272.5
145.5	283.5
145.5	294.5
145.5	305.5
145.5	316.5
145.5	327.5
145.5	338.5
145.5	349.5
145.5	393.5
145.5	448.5
146.9166666667	436.75
148.1923076923	414.1153846154
147.1	426.6
149.3571428571	358.5714285714
148.5	371.7727272727
148.5	382.7727272727
153.2777777778	170
154.3823529412	400.1470588235
154.95	103.45
154.7380952381	475.5952380952
155.7380952381	48.2142857143
155.5	64.4090909091
155.5	75.4090909091
155.5	86.4090909091
155.5	97
156.3571428571	183.0714285714
155.5	196.4090909091
155.5	207.4090909091
155.5	218.4090909091
155.5	229.4090909091
155.7380952381	455.2142857143
156.5	9.5
156.5	20.5
156.5	31.5
156.5	119.5
156.5	130.5
156.5	141.5
156.5	152.5
156.5	240.5
156.5	251.5
156.5	262.5
156.5	273.5
156.5	284.5
156.5	295.5
156.5	306.5
156.5	317.5
156.5	328.5
156.5	339.5
157.5	438.5
158.5	416.5
158.5	427.5
159.9166666667	349.75
159.5	361.5909090909
159.5	372.5909090909
159.5	383.5909090909
164.4375	160.6875
165.4375	391.75
164.5	406.0454545455
166.2777777778	105
166.2777777778	468
165.2894736842	486.2631578947
167.1315789474	38.7105263158
166.5	54.2272727273
166.5	65.2272727273
166.5	76.2272727273
166.5	87.2272727273
164.75	97.75
167.3571428571	172.9285714286
166.5	186.2272727273
166.5	197.2272727273
166.5	208.2272727273
166.5	219.2272727273
166.5	230.2272727273
167.1315789474	445.7105263158
164.75	460.75
167.5	10.3181818182
167.5	21.3181818182
166.1666666667	31.8333333333
168.1923076923	118.6538461538
167.5	131.3181818182
167.5	142.3181818182
168.3333333333	153.1666666667
167.9166666667	240.4166666667
167.5	252.3181818182
167.5	263.3181818182
167.5	274.3181818182
167.5	285.3181818182
167.5	296.3181818182
167.5	307.3181818182
167.5	318.3181818182
167.5	329.3181818182
167.8	340.3
169.1923076923	430.9615384615
169.5	417.5
170.5	351.5
170.5	362.5
170.5	373.5
175.1923076923	492.4423076923
176.4333333333	382.1
175.5	395.8636363636
175.5	406.8636363636
177.4375	469.6875
178.3823529412	40.3235294118
177.5	55.0454545455
177.5	66.0454545455
177.5	77.0454545455
177.5	88.0454545455
177.5	99.0454545455
178.3823529412	161.3235294118
177.5	176.0454545455
177.5	187.0454545455
177.5	198.0454545455
177.5	209.0454545455
177.5	220.0454545455
178.3823529412	447.3235294118
175.8333333333	461.6666666667
178.5	11.1363636364
178.5	22.1363636364
176.7	32.7
178.9166666667	109.25
178.5	121.1363636364
178.5	132.1363636364
178.5	143.1363636364
176.7	153.7
178.9166666667	230.25
178.5	242.1363636364
178.5	253.1363636364
178.5	264.1363636364
178.5	275.1363636364
178.5	286.1363636364
178.5	297.1363636364
178.5	308.1363636364
178.5	319.1363636364
178.5	330.1363636364
178.5	341.1363636364
180.1315789474	424.7105263158
178.9	439.9
181.875	411.375
182.3571428571	350.0714285714
181.5	363.4090909091
182.9285714286	374.3571428571
184.9782608696	502.0869565217
186.4333333333	482.1
187.4375	382.6875
186.5	396.9545454545
188.1923076923	469.0384615385
189.2777777778	41
188.5	56.1363636364
188.5	67.1363636364
188.5	78.1363636364
188.5	89.1363636364
189.2777777778	162
188.5	177.1363636364
188.5	188.1363636364
188.5	199.1363636364
188.5	210.1363636364
189.2777777778	448
186.7	462.7
189.5	12.2272727273
189.5	23.2272727273
187.75	33.75
189.9166666667	99.3333333333
189.5	111.2272727273
189.5	122.2272727273
189.5	133.2272727273
189.5	144.2272727273
187.75	154.75
189.9166666667	220.3333333333
189.5	232.2272727273
189.5	243.2272727273
189.5	254.2272727273
189.5	265.2272727273
189.5	276.2272727273
189.5	287.2272727273
189.5	298.2272727273
189.5	309.2272727273
189.5	320.2272727273
189.5	331.2272727273
190.95	425.45
190.5	441
192.4375	405
191.5	419
192.9166666667	341.75
192.5	353.5909090909
192.5	364.5909090909
194.7380952381	512.2857142857
196.4333333333	494.1
196.9166666667	481.4166666667
198.4375	372.75
197.5	387.0454545455
199.1923076923	469.2692307692
200.1315789474	41.7105263158
199.5	57.2272727273
199.5	68.2272727273
199.5	79.2272727273
200.1315789474	162.7105263158
199.5	178.2272727273
199.5	189.2272727273
199.5	200.2272727273
200.1315789474	448.7105263158
197.75	463.75
200.5	13.3181818182
200.5	24.3181818182
199.1666666667	34.8333333333
200.9166666667	89.4166666667
200.5	101.3181818182
200.5	112.3181818182
200.5	123.3181818182
200.5	134.3181818182
200.5	145.3181818182
199.1666666667	155.8333333333
200.9166666667	210.4166666667
200.5	222.3181818182
200.5	233.3181818182
200.5	244.3181818182
200.5	255.3181818182
200.5	266.3181818182
200.5	277.3181818182
200.5	288.3181818182
200.5	299.3181818182
200.5	310.3181818182
200.5	321.3181818182
200.8	332.3
201.7380952381	426.3095238095
202.8333333333	442.5
203.1923076923	397.1153846154
202.5	409.6818181818
204.3571428571	341.5714285714
203.5	354.7727272727
206.4375	505.6875
205.7105263158	523
206.9166666667	492.5833333333
207.9166666667	480.75
209.4375	362.875
208.5	377.2272727273
208.8333333333	388.1666666667
210.1923076923	468.8846153846
210.7380952381	42.4047619048
210.5	58.5909090909
210.5	69.5909090909
210.7380952381	163.4047619048
210.5	179.5909090909
210.5	190.5909090909
210.95	449.7
210.5	465.5
211.5	14.7727272727
211.5	25.7727272727
211.9166666667	79.9166666667
211.5	91.7727272727
211.5	102.7727272727
211.5	113.7727272727
211.5	124.7727272727
211.5	135.7727272727
211.5	146.7727272727
211.9166666667	200.9166666667
211.5	212.7727272727
211.5	223.7727272727
211.5	234.7727272727
211.5	245.7727272727
211.5	256.7727272727
211.5	267.7727272727
211.5	278.7727272727
211.5	289.7727272727
211.5	300.7727272727
211.5	311.7727272727
211.5	322.7727272727
213.4333333333	419.1
212.5	432.8636363636
214.4375	396.6875
212.0714285714	410.6428571429
215.3571428571	331.7857142857
214.5	345.0454545455
216.2083333333	528.0625
217.1315789474	505.7105263158
217.9166666667	491.25
219.3181818182	479.6818181818
220.3571428571	354.5714285714
219.5	367.7727272727
219.5	378.7727272727
222.4375	34.6875
221.5	48.9545454545
221.5	59.9545454545
222.4375	155.6875
221.5	169.9545454545
221.5	180.9545454545
222.4375	441.6875
221.5	455.9545454545
221.5	466.9545454545
222.5	16.0454545455
220.8333333333	26.6666666667
222.9166666667	70.1666666667
222.5	82.0454545455
222.5	93.0454545455
222.5	104.0454545455
222.5	115.0454545455
222.5	126.0454545455
222.5	137.0454545455
220.8333333333	147.6666666667
222.9166666667	191.1666666667
222.5	203.0454545455
222.5	214.0454545455
222.5	225.0454545455
222.5	236.0454545455
222.5	247.0454545455
222.5	258.0454545455
222.5	269.0454545455
222.5	280.0454545455
222.5	291.0454545455
222.5	302.0454545455
222.5	313.0454545455
224.2777777778	419
222.6666666667	433.8333333333
225.4375	387
224.5	401.3181818182
222.75	412
226.3571428571	322.2857142857
225.5	335.5
226.25	346.5
226.7380952381	517.5
225.8684210526	536.8947368421
229.4375	497.6875
230.3823529412	475.3235294118
227.8333333333	489.6666666667
231.4375	354.8125
230.5	369.1363636364
232.95	34.65
232.5	50.5
232.95	155.65
232.5	171.5
232.95	441.65
232.5	457.5
233.1	468.5
233.5	17.6818181818
233.5	28.5
233.9166666667	60.8333333333
233.5	72.6818181818
233.5	83.6818181818
233.5	94.6818181818
233.5	105.6818181818
233.5	116.6818181818
233.5	127.6818181818
233.5	138.6818181818
233.5	149.5
233.9166666667	181.8333333333
233.5	193.6818181818
233.5	204.6818181818
233.5	215.6818181818
233.5	226.6818181818
233.5	237.6818181818
233.5	248.6818181818
233.5	259.6818181818
233.5	270.6818181818
233.5	281.6818181818
233.5	292.6818181818
233.5	303.6818181818
235.4333333333	422.1
235.5909090909	542.5909090909
236.4375	377.6875
235.5	391.9545454545
235.5	402.9545454545
234.0714285714	413.6428571429
237.3571428571	312.7857142857
236.5	326.0454545455
236.5	337.0454545455
238.2777777778	509.1111111111
237.5	524.2272727273
240.1923076923	495.1153846154
241.1315789474	476.2368421053
240.5	491.5
242.4375	345.6875
241.5	359.9545454545
244.2777777778	37
244.2777777778	158
244.2777777778	433
243.5	448.1363636364
243.5	459.1363636364
244.5	19.3181818182
242.75	30
244.9166666667	51.5
244.5	63.3181818182
244.5	74.3181818182
244.5	85.3181818182
244.5	96.3181818182
244.5	107.3181818182
244.5	118.3181818182
244.5	129.3181818182
244.5	140.3181818182
242.75	151
244.9166666667	172.5
244.5	184.3181818182
244.5	195.3181818182
244.5	206.3181818182
244.5	217.3181818182
244.5	228.3181818182
244.5	239.3181818182
244.5	250.3181818182
244.5	261.3181818182
244.5	272.3181818182
244.5	283.3181818182
244.5	294.3181818182
246.1923076923	419.0384615385
246.1315789474	531.9736842105
245.05	550.975
247.4375	368.375
246.5	382.6818181818
246.5	393.6818181818
246.5	404.6818181818
246.5	415.5
248.3571428571	303.6428571429
247.5	316.8636363636
247.5	327.8636363636
249.4375	511.6875
251.1923076923	498.5769230769
252.1315789474	467.0263157895
251.5	482.5
249.75	493
253.4375	336.4375
252.5	350.6818181818
255.3823529412	435.3235294118
254.5	450.0454545455
255.3181818182	555.8636363636
255.5	21.2272727273
255.5	32.2272727273
255.5	43.2272727273
255.5	54.2272727273
255.5	65.2272727273
255.5	76.2272727273
255.5	87.2272727273
255.5	98.2272727273
255.5	109.2272727273
255.5	120.2272727273
255.5	131.2272727273
255.5	142.2272727273
255.5	153.2272727273
255.5	164.2272727273
255.5	175.2272727273
255.5	186.2272727273
255.5	197.2272727273
255.5	208.2272727273
255.5	219.2272727273
255.5	230.2272727273
255.5	241.2272727273
255.5	252.2272727273
255.5	263.2272727273
255.5	274.2272727273
255.5	285.2272727273
257.1923076923	421.8076923077
257.1315789474	522.9210526316
256.5	538.4090909091
258.4375	359.3125
257.5	373.5909090909
257.5	384.5909090909
257.5	395.5909090909
257.5	406.5909090909
256.1666666667	417.1666666667
259.3571428571	294.5714285714
258.5	307.7727272727
258.5	318.7727272727
262.2777777778	502.2222222222
263.1315789474	458.0263157895
262.5	473.5
262.5	484.5
260.75	495
264.4375	327.4375
263.5	341.6818181818
266.3823529412	437.4411764706
266.3823529412	547.4411764706
265.2619047619	565.5952380952
266.5	23.3181818182
266.5	34.3181818182
266.5	45.3181818182
266.5	56.3181818182
266.5	67.3181818182
266.5	78.3181818182
266.5	89.3181818182
266.5	100.3181818182
266.5	111.3181818182
266.5	122.3181818182
266.5	133.3181818182
266.5	144.3181818182
266.5	155.3181818182
266.5	166.3181818182
266.5	177.3181818182
266.5	188.3181818182
266.5	199.3181818182
266.5	210.3181818182
266.5	221.3181818182
266.5	232.3181818182
266.5	243.3181818182
266.5	254.3181818182
266.5	265.3181818182
266.5	276.3181818182
268.1923076923	423.8846153846
268.3823529412	514.7941176471
267.5	529.5
266.9	540.3
269.4375	350.4375
268.5	364.6818181818
268.5	375.6818181818
268.5	386.6818181818
268.5	397.6818181818
268.5	408.6818181818
267.1666666667	419.1666666667
270.3571428571	285.6428571429
269.5	298.8636363636
269.5	309.8636363636
274.1315789474	449.1842105263
273.5	464.6818181818
273.5	475.6818181818
273.5	486.6818181818
273.5	497.6818181818
275.4375	318.625
274.5	332.8636363636
275.7380952381	569.1904761905
277.2777777778	549.2222222222
277.5	25.5
277.5	36.5
277.5	47.5
277.5	58.5
277.5	69.5
277.5	80.5
277.5	91.5
277.5	102.5
277.5	113.5
277.5	124.5
277.5	135.5
277.5	146.5
277.5	157.5
277.5	168.5
277.5	179.5
277.5	190.5
277.5	201.5
277.5	212.5
277.5	223.5
277.5	234.5
277.5	245.5
277.5	256.5
277.5	267.5
278.95	427.85
279.4375	506.4375
278.5	520.6818181818
278.5	531.6818181818
278.5	542.5
280.4375	341.625
279.5	355.8636363636
279.5	366.8636363636
279.5	377.8636363636
279.5	388.8636363636
279.5	399.8636363636
279.5	410.8636363636
279.5	421.5
281.3571428571	276.9285714286
280.5	290.1363636364
280.5	301.1363636364
285.3823529412	441.2647058824
284.5	455.9545454545
284.5	466.9545454545
284.5	477.9545454545
284.5	488.9545454545
286.4375	310
285.5	324.2272727273
287.2777777778	562.3333333333
286.95	580.375
287.9166666667	548.3333333333
288.5	27.7727272727
288.5	38.7727272727
288.5	49.7727272727
288.5	60.7727272727
288.5	71.7727272727
288.5	82.7727272727
288.5	93.7727272727
288.5	104.7727272727
288.5	115.7727272727
288.5	126.7727272727
288.5	137.7727272727
288.5	148.7727272727
288.5	159.7727272727
288.5	170.7727272727
288.5	181.7727272727
288.5	192.7727272727
288.5	203.7727272727
288.5	214.7727272727
288.5	225.7727272727
288.5	236.7727272727
288.5	247.7727272727
288.5	258.7727272727
290.4375	497.8125
289.5	512.0454545455
289.5	523.0454545455
289.5	534.0454545455
290.8333333333	545.1666666667
291.4375	333.0625
290.5	347.3181818182
290.5	358.3181818182
290.5	369.3181818182
290.5	380.3181818182
290.5	391.3181818182
290.5	402.3181818182
290.5	413.3181818182
290.5	424.3181818182
292.3571428571	268.3571428571
291.5	281.5
291.5	292.5
296.4375	433.1875
295.5	447.4090909091
295.5	458.4090909091
295.5	469.4090909091
295.5	480.4090909091
297.4375	301.375
296.5	315.5909090909
297.95	564.05
296.7222222222	582.7222222222
299.3181818182	549.3181818182
299.5	30.4090909091
299.5	41.4090909091
299.5	52.4090909091
299.5	63.4090909091
299.5	74.4090909091
299.5	85.4090909091
299.5	96.4090909091
299.5	107.4090909091
299.5	118.4090909091
299.5	129.4090909091
299.5	140.4090909091
299.5	151.4090909091
299.5	162.4090909091
299.5	173.4090909091
299.5	184.4090909091
299.5	195.4090909091
299.5	206.4090909091
299.5	217.4090909091
299.5	228.4090909091
299.5	239.4090909091
299.5	250.4090909091
301.4375	489.375
300.5	503.5909090909
300.5	514.5909090909
300.5	525.5909090909
300.5	536.5909090909
302.4375	324.6875
301.5	338.8636363636
301.5	349.8636363636
301.5	360.8636363636
301.5	371.8636363636
301.5	382.8636363636
301.5	393.8636363636
301.5	404.8636363636
301.5	415.8636363636
303.3571428571	260
302.5	273.1363636364
302.5	284.1363636364
305.2777777778	587.4166666667
307.4375	424.9375
306.5	439.1363636364
306.5	450.1363636364
306.5	461.1363636364
306.5	472.1363636364
308.4375	293.1875
307.5	307.4090909091
309.1315789474	567.1315789474
309.95	545.05
308.1666666667	560.5
310.5	33.1363636364
310.5	44.1363636364
310.5	55.1363636364
310.5	66.1363636364
310.5	77.1363636364
310.5	88.1363636364
310.5	99.1363636364
310.5	110.1363636364
310.5	121.1363636364
310.5	132.1363636364
310.5	143.1363636364
310.5	154.1363636364
310.5	165.1363636364
310.5	176.1363636364
310.5	187.1363636364
310.5	198.1363636364
310.5	209.1363636364
310.5	220.1363636364
310.5	231.1363636364
310.5	242.1363636364
312.4375	481.1875
311.5	495.4090909091
311.5	506.4090909091
311.5	517.4090909091
311.5	528.4090909091
313.4375	316.5
312.5	330.6818181818
312.5	341.6818181818
312.5	352.6818181818
312.5	363.6818181818
312.5	374.6818181818
312.5	385.6818181818
312.5	396.6818181818
312.5	407.6818181818
314.3571428571	251.8571428571
313.5	264.9545454545
313.5	275.9545454545
315.75	581.75
318.4375	416.875
317.5	431.0454545455
317.5	442.0454545455
317.5	453.0454545455
317.5	464.0454545455
318.8529411765	596.4411764706
319.4375	285.125
318.5	299.3181818182
320.95	537.15
320.5	552.9545454545
320.5	563.9545454545
321.5	36.2272727273
321.5	47.2272727273
321.5	58.2272727273
321.5	69.2272727273
321.5	80.2272727273
321.5	91.2272727273
321.5	102.2272727273
321.5	113.2272727273
321.5	124.2272727273
321.5	135.2272727273
321.5	146.2272727273
321.5	157.2272727273
321.5	168.2272727273
321.5	179.2272727273
321.5	190.2272727273
321.5	201.2272727273
321.5	212.2272727273
321.5	223.2272727273
321.5	234.2272727273
323.4375	473.3125
322.5	487.5
322.5	498.5
322.5	509.5
322.5	520.5
324.4375	308.625
323.5	322.7727272727
323.5	333.7727272727
323.5	344.7727272727
323.5	355.7727272727
323.5	366.7727272727
323.5	377.7727272727
323.5	388.7727272727
323.5	399.7727272727
325.3571428571	243.9285714286
324.5	257.0454545455
324.5	268.0454545455
327.3823529412	573.0294117647
329.4375	409.0625
328.5	423.2272727273
328.5	434.2272727273
328.5	445.2272727273
328.5	456.2272727273
329.1923076923	586.7307692308
328.2619047619	602.3571428571
330.4375	277.4375
329.5	291.5909090909
331.95	529.35
331.5	545.1363636364
331.5	556.1363636364
332.5	39.4090909091
332.5	50.4090909091
332.5	61.4090909091
332.5	72.4090909091
332.5	83.4090909091
332.5	94.4090909091
332.5	105.4090909091
332.5	116.4090909091
332.5	127.4090909091
332.5	138.4090909091
332.5	149.4090909091
332.5	160.4090909091
332.5	171.4090909091
332.5	182.4090909091
332.5	193.4090909091
332.5	204.4090909091
332.5	215.4090909091
332.5	226.4090909091
334.4375	465.625
333.5	479.7727272727
333.5	490.7727272727
333.5	501.7727272727
333.5	512.7727272727
335.4375	300.875
334.5	315.0454545455
334.5	326.0454545455
334.5	337.0454545455
334.5	348.0454545455
334.5	359.0454545455
334.5	370.0454545455
334.5	381.0454545455
334.5	392.0454545455
336.3571428571	236.2142857143
335.5	249.3181818182
335.5	260.3181818182
338.3823529412	565.3235294118
338.7380952381	606.3333333333
340.4375	401.4375
339.5	415.5909090909
339.5	426.5909090909
339.5	437.5909090909
339.5	448.5909090909
340.1923076923	579.1153846154
339.5	591.5909090909
341.4375	269.75
340.5	283.8636363636
342.95	521.7
342.5	537.5
342.5	548.5
343.5	42.8636363636
343.5	53.8636363636
343.5	64.8636363636
343.5	75.8636363636
343.5	86.8636363636
343.5	97.8636363636
343.5	108.8636363636
343.5	119.8636363636
343.5	130.8636363636
343.5	141.8636363636
343.5	152.8636363636
343.5	163.8636363636
343.5	174.8636363636
343.5	185.8636363636
343.5	196.8636363636
343.5	207.8636363636
343.5	218.8636363636
345.4375	458
344.5	472.1363636364
344.5	483.1363636364
344.5	494.1363636364
344.5	505.1363636364
346.4375	293.375
345.5	307.5
345.5	318.5
345.5	329.5
345.5	340.5
345.5	351.5
345.5	362.5
345.5	373.5
345.5	384.5
347.3571428571	228.7857142857
346.5	241.8636363636
346.5	252.8636363636
349.3823529412	558.0294117647
349.38	604.36
351.4375	394.25
350.5	408.3181818182
350.5	419.3181818182
350.5	430.3181818182
350.5	441.3181818182
351.1923076923	571.8846153846
350.5	584.3181818182
349.1666666667	594.8333333333
352.4375	262.625
351.5	276.6818181818
353.95	514.65
353.5	530.4090909091
353.5	541.4090909091
354.5	46.7727272727
354.5	57.7727272727
354.5	68.7727272727
354.5	79.7727272727
354.5	90.7727272727
354.5	101.7727272727
354.5	112.7727272727
354.5	123.7727272727
354.5	134.7727272727
354.5	145.7727272727
354.5	156.7727272727
354.5	167.7727272727
354.5	178.7727272727
354.5	189.7727272727
354.5	200.7727272727
354.5	211.7727272727
356.4375	451
355.5	465.1363636364
355.5	476.1363636364
355.5	487.1363636364
355.5	498.1363636364
356.3823529412	614.0294117647
357.4375	286.375
356.5	300.5
356.5	311.5
356.5	322.5
356.5	333.5
356.5	344.5
356.5	355.5
356.5	366.5
356.5	377.5
358.3571428571	221.7857142857
357.5	234.8636363636
357.5	245.8636363636
360.3823529412	551.0294117647
362.4375	387.25
361.5	401.3181818182
361.5	412.3181818182
361.5	423.3181818182
361.5	434.3181818182
362.1923076923	564.8846153846
361.5	577.3181818182
361.5	588.3181818182
361.5	599.3181818182
363.4375	255.625
362.5	269.6818181818
364.95	507.75
364.5	523.5
364.5	534.5
365.5	50.8636363636
365.5	61.8636363636
365.5	72.8636363636
365.5	83.8636363636
365.5	94.8636363636
365.5	105.8636363636
365.5	116.8636363636
365.5	127.8636363636
365.5	138.8636363636
365.5	149.8636363636
365.5	160.8636363636
365.5	171.8636363636
365.5	182.8636363636
365.5	193.8636363636
365.5	204.8636363636
367.4375	444.25
366.5	458.3181818182
366.5	469.3181818182
366.5	480.3181818182
366.5	491.3181818182
366.5	611.8333333333
368.4375	279.625
367.5	293.6818181818
367.5	304.6818181818
367.5	315.6818181818
367.5	326.6818181818
367.5	337.6818181818
367.5	348.6818181818
367.5	359.6818181818
367.5	370.6818181818
369.3571428571	215
368.5	228.0454545455
368.5	239.0454545455
371.3823529412	544.2058823529
372.4375	620.8125
373.4375	380.5
372.5	394.5909090909
372.5	405.5909090909
372.5	416.5909090909
372.5	427.5909090909
373.1923076923	558.1923076923
372.5	570.5909090909
372.5	581.5909090909
372.5	592.5909090909
374.4375	249
373.5	263.0454545455
375.95	501
375.5	516.7727272727
375.5	527.7727272727
376.5	55.2272727273
376.5	66.2272727273
376.5	77.2272727273
376.5	88.2272727273
376.5	99.2272727273
376.5	110.2272727273
376.5	121.2272727273
376.5	132.2272727273
376.5	143.2272727273
376.5	154.2272727273
376.5	165.2272727273
376.5	176.2272727273
376.5	187.2272727273
376.5	198.2272727273
378.4375	437.5625
377.5	451.5909090909
377.5	462.5909090909
377.5	473.5909090909
377.5	484.5909090909
378.4375	602.5625
379.4375	273
378.5	287.0454545455
378.5	298.0454545455
378.5	309.0454545455
378.5	320.0454545455
378.5	331.0454545455
378.5	342.0454545455
378.5	353.0454545455
378.5	364.0454545455
380.3571428571	208.5
379.5	221.5
379.5	232.5
382.3823529412	537.9117647059
382.6578947368	617.3947368421
384.4375	374.1875
383.5	388.2272727273
383.5	399.2272727273
383.5	410.2272727273
383.5	421.2272727273
384.1923076923	551.8076923077
383.5	564.2272727273
383.5	575.2272727273
383.5	586.2272727273
385.4375	242.5625
384.5	256.5909090909
386.3571428571	627.6071428571
386.95	494.75
386.5	510.5
386.5	521.5
387.5	59.9545454545
387.5	70.9545454545
387.5	81.9545454545
387.5	92.9545454545
387.5	103.9545454545
387.5	114.9545454545
387.5	125.9545454545
387.5	136.9545454545
387.5	147.9545454545
387.5	158.9545454545
387.5	169.9545454545
387.5	180.9545454545
387.5	191.9545454545
389.4375	431.375
388.5	445.4090909091
388.5	456.4090909091
388.5	467.4090909091
388.5	478.4090909091
389.4375	596.375
390.4375	266.875
389.5	280.8636363636
389.5	291.8636363636
389.5	302.8636363636
389.5	313.8636363636
389.5	324.8636363636
389.5	335.8636363636
389.5	346.8636363636
389.5	357.8636363636
391.3571428571	202.3571428571
390.5	215.3181818182
390.5	226.3181818182
393.3823529412	531.7941176471
394.4375	609.8125
395.4375	368.25
394.5	382.2272727273
394.5	393.2272727273
394.5	404.2272727273
394.5	415.2272727273
395.1923076923	545.8846153846
394.5	558.2272727273
394.5	569.2272727273
394.5	580.2272727273
396.4375	236.8125
395.5	250.7727272727
396.5	624.8529411765
397.95	488.95
397.5	504.6818181818
397.5	515.6818181818
398.5	65.1363636364
398.5	76.1363636364
398.5	87.1363636364
398.5	98.1363636364
398.5	109.1363636364
398.5	120.1363636364
398.5	131.1363636364
398.5	142.1363636364
398.5	153.1363636364
398.5	164.1363636364
398.5	175.1363636364
398.5	186.1363636364
400.4375	425.5625
399.5	439.5909090909
399.5	450.5909090909
399.5	461.5909090909
399.5	472.5909090909
400.4375	590.5625
400.3571428571	633.6428571429
401.4375	261
400.5	275.0454545455
400.5	286.0454545455
400.5	297.0454545455
400.5	308.0454545455
400.5	319.0454545455
400.5	330.0454545455
400.5	341.0454545455
400.5	352.0454545455
402.3571428571	196.5
401.5	209.5
401.5	220.5
404.3823529412	526.0294117647
405.4375	604
406.4375	362.5625
405.5	376.5
405.5	387.5
405.5	398.5
405.5	409.5
406.1923076923	540.1923076923
405.5	552.5
405.5	563.5
405.5	574.5
407.4375	231.0625
406.5	244.9545454545
408.3571428571	617.6428571429
408.95	483.35
408.5	499.0454545455
408.5	510.0454545455
409.5	70.5909090909
409.5	81.5909090909
409.5	92.5909090909
409.5	103.5909090909
409.5	114.5909090909
409.5	125.5909090909
409.5	136.5909090909
409.5	147.5909090909
409.5	158.5909090909
409.5	169.5909090909
409.5	180.5909090909
411.4375	420.1875
410.5	434.1363636364
410.5	445.1363636364
410.5	456.1363636364
410.5	467.1363636364
411.4375	585.1875
410.3421052632	632.4210526316
412.4375	255.75
411.5	269.6818181818
411.5	280.6818181818
411.5	291.6818181818
411.5	302.6818181818
411.5	313.6818181818
411.5	324.6818181818
411.5	335.6818181818
411.5	346.6818181818
413.3571428571	191.2857142857
412.5	204.2272727273
412.5	215.2272727273
415.3823529412	520.7941176471
416.4375	598.8125
416.4375	640.375
417.4375	357.375
416.5	371.3181818182
416.5	382.3181818182
416.5	393.3181818182
416.5	404.3181818182
417.1923076923	535.0384615385
416.5	547.3181818182
416.5	558.3181818182
416.5	569.3181818182
418.4375	225.9375
417.5	239.8636363636
419.3571428571	612.5714285714
419.95	478.25
419.5	493.9545454545
419.5	504.9545454545
420.5	76.5
420.5	87.5
420.5	98.5
420.5	109.5
420.5	120.5
420.5	131.5
420.5	142.5
420.5	153.5
420.5	164.5
420.5	175.5
422.4375	415.125
421.5	429.0454545455
421.5	440.0454545455
421.5	451.0454545455
421.5	462.0454545455
422.4375	580.125
422.3571428571	625.1428571429
423.4375	250.6875
422.5	264.5909090909
422.5	275.5909090909
422.5	286.5909090909
422.5	297.5909090909
422.5	308.5909090909
422.5	319.5909090909
422.5	330.5909090909
422.5	341.5909090909
424.3571428571	186.3571428571
423.5	199.2272727273
423.5	210.2272727273
426.3823529412	516.0294117647
427.4375	594.0625
426.74	641.2
428.4375	352.625
427.5	366.5
427.5	377.5
427.5	388.5
427.5	399.5
428.1923076923	530.1923076923
427.5	542.5
427.5	553.5
427.5	564.5
429.4375	221.25
428.5	235.1363636364
430.3571428571	607.8571428571
430.95	473.65
430.5	489.3181818182
430.5	500.3181818182
431.5	82.9545454545
431.5	93.9545454545
431.5	104.9545454545
431.5	115.9545454545
431.5	126.9545454545
431.5	137.9545454545
431.5	148.9545454545
431.5	159.9545454545
431.5	170.9545454545
433.4375	410.75
432.5	424.5909090909
432.5	435.5909090909
432.5	446.5909090909
432.5	457.5909090909
433.4375	575.75
433.3571428571	620.7857142857
434.4375	246.375
433.5	260.2272727273
433.5	271.2272727273
433.5	282.2272727273
433.5	293.2272727273
433.5	304.2272727273
433.5	315.2272727273
433.5	326.2272727273
433.5	337.2272727273
435.3571428571	181.9285714286
434.5	194.7727272727
434.5	205.7727272727
437.3823529412	511.7352941176
436.9166666667	646.3333333333
438.4375	589.8125
438.2333333333	633.4333333333
439.4375	348.4375
438.5	362.3181818182
438.5	373.3181818182
438.5	384.3181818182
438.5	395.3181818182
439.1923076923	526.0384615385
438.5	538.3181818182
438.5	549.3181818182
438.5	560.3181818182
440.4375	217.125
439.5	230.9545454545
441.3571428571	603.7857142857
441.95	469.55
441.5	485.2272727273
441.5	496.2272727273
442.5	89.8636363636
442.5	100.8636363636
442.5	111.8636363636
442.5	122.8636363636
442.5	133.8636363636
442.5	144.8636363636
442.5	155.8636363636
442.5	166.8636363636
444.4375	406.6875
443.5	420.5
443.5	431.5
443.5	442.5
443.5	453.5
444.4375	571.6875
444.3571428571	616.7142857143
445.4375	242.3125
444.5	256.1363636364
444.5	267.1363636364
444.5	278.1363636364
444.5	289.1363636364
444.5	300.1363636364
444.5	311.1363636364
444.5	322.1363636364
444.5	333.1363636364
446.3571428571	178.0714285714
445.5	190.8636363636
445.5	201.8636363636
448.3823529412	507.8529411765
447.7380952381	647.8333333333
449.4375	586.0625
449.4375	630.0625
450.4375	344.8125
449.5	358.5909090909
449.5	369.5909090909
449.5	380.5909090909
449.5	391.5909090909
450.1923076923	522.4230769231
449.5	534.5909090909
449.5	545.5909090909
449.5	556.5909090909
451.4375	213.4375
450.5	227.2272727273
452.3571428571	600.2142857143
452.95	466.05
452.5	481.6818181818
452.5	492.6818181818
453.5	97.3181818182
453.5	108.3181818182
453.5	119.3181818182
453.5	130.3181818182
453.5	141.3181818182
453.5	152.3181818182
453.5	163.3181818182
455.4375	403.25
454.5	417.0454545455
454.5	428.0454545455
454.5	439.0454545455
454.5	450.0454545455
455.4375	568.25
455.3571428571	613.2857142857
456.4375	239
455.5	252.7727272727
455.5	263.7727272727
455.5	274.7727272727
455.5	285.7727272727
455.5	296.7727272727
455.5	307.7727272727
455.5	318.7727272727
455.5	329.7727272727
457.3571428571	174.7857142857
456.5	187.5
456.5	198.5
459.3823529412	504.6764705882
458.1296296296	648.1481481481
460.4375	582.9375
460.4375	626.9375
461.4375	341.6875
460.5	355.4090909091
460.5	366.4090909091
460.5	377.4090909091
460.5	388.4090909091
461.1923076923	519.2692307692
460.5	531.4090909091
460.5	542.4090909091
460.5	553.4090909091
462.4375	210.5
461.5	224.2272727273
463.3571428571	597.2857142857
463.95	463.1
463.5	478.6818181818
463.5	489.6818181818
464.5	105.5
464.5	116.5
464.5	127.5
464.5	138.5
464.5	149.5
464.5	160.5
465.7222222222	655.9444444444
466.4375	400.625
465.5	414.3181818182
465.5	425.3181818182
465.5	436.3181818182
465.5	447.3181818182
466.4375	565.625
466.3571428571	610.6428571429
467.4375	236.4375
466.5	250.1363636364
466.5	261.1363636364
466.5	272.1363636364
466.5	283.1363636364
466.5	294.1363636364
466.5	305.1363636364
466.5	316.1363636364
466.5	327.1363636364
468.3571428571	172.2142857143
467.5	184.8636363636
467.5	195.8636363636
470.3823529412	502.3235294118
469.75	643.2
471.4375	580.625
471.4375	624.625
472.4375	339.4375
471.5	353.1363636364
471.5	364.1363636364
471.5	375.1363636364
471.5	386.1363636364
472.1923076923	517.0384615385
471.5	529.1363636364
471.5	540.1363636364
471.5	551.1363636364
473.4375	208.3125
472.5	221.9545454545
474.3571428571	595.2857142857
474.95	461.1
474.5	476.6818181818
474.5	487.6818181818
475.5	114.5
475.5	125.5
475.5	136.5
475.5	147.5
475.5	158.5
476.3823529412	659.1764705882
477.4375	398.6875
476.5	412.3181818182
476.5	423.3181818182
476.5	434.3181818182
476.5	445.3181818182
477.4375	563.6875
477.3571428571	608.6428571429
478.4375	234.5
477.5	248.1363636364
477.5	259.1363636364
477.5	270.1363636364
477.5	281.1363636364
477.5	292.1363636364
477.5	303.1363636364
477.5	314.1363636364
477.5	325.1363636364
479.3571428571	170.4285714286
478.5	183.0454545455
478.5	194.0454545455
481.3823529412	500.7352941176
480.7380952381	641.8333333333
482.4375	579.1875
482.4375	623.1875
483.4375	338.125
482.5	351.6818181818
482.5	362.6818181818
482.5	373.6818181818
482.5	384.6818181818
483.1923076923	515.6538461538
482.5	527.6818181818
482.5	538.6818181818
482.5	549.6818181818
484.4375	207.0625
483.5	220.5909090909
485.3571428571	594
485.95	460
485.5	475.5
485.5	486.5
486.5	124.5
486.5	135.5
486.5	146.5
486.5	157.5
487.0555555556	659.8055555556
488.4375	398
487.5	411.5
487.5	422.5
487.5	433.5
487.5	444.5
488.4375	563
488.3571428571	608
489.4375	234
488.5	247.5
488.5	258.5
488.5	269.5
488.5	280.5
488.5	291.5
488.5	302.5
488.5	313.5
488.5	324.5
490.3571428571	170
489.5	182.5
489.5	193.5
492.3823529412	500.5
491.7380952381	641.5
493.4375	579
493.4375	623
494.4375	338
493.5	351.5
493.5	362.5
493.5	373.5
493.5	384.5
494.1923076923	515.5
493.5	527.5
493.5	538.5
493.5	549.5
495.4375	207
494.5	220.5
496.3571428571	594
496.95	460
496.5	475.5
496.5	486.5
497.5	135.5
497.5	146.5
497.5	157.5
497.5	661.7272727273
499.4375	398
498.5	411.5
498.5	422.5
498.5	433.5
498.5	444.5
499.4375	563
499.3571428571	608
500.4375	234
499.5	247.5
499.5	258.5
499.5	269.5
499.5	280.5
499.5	291.5
499.5	302.5
499.5	313.5
499.5	324.5
501.3571428571	170
500.5	182.5
500.5	193.5
503.125	500.0625
502.5	641.05
504.1666666667	578.7
504.1666666667	622.7
505.1666666667	337.8333333333
504.5	350.7727272727
504.5	361.7727272727
504.5	372.7727272727
504.5	383.7727272727
505.0384615385	514.8846153846
504.5	526.7727272727
504.5	537.7727272727
504.5	548.7727272727
506.1666666667	206.9666666667
505.5	219.8636363636
507.1428571429	593.5714285714
507.7105263158	460.0789473684
507.5	475.0454545455
507.5	486.0454545455
508	146.6
508.5	157.1363636364
508.5952380952	661.6904761905
510.3823529412	397.1470588235
509.5	411.3181818182
509.5	422.3181818182
509.5	433.3181818182
509.5	444.3181818182
510.3823529412	562.1470588235
510.4333333333	606.9666666667
511.1875	232.75
510.5	246.5
510.5	257.5
510.5	268.5
510.5	279.5
510.5	290.5
510.5	301.5
510.5	312.5
510.5	323.5
512.2142857143	168.7857142857
511.5	181.6818181818
511.5	192.6818181818
512.5	667.65
514.0294117647	501.0294117647
513.5	631.45
513.5	646.9545454545
515.125	579.6875
516.2777777778	337.6666666667
515.5	352.2272727273
515.5	363.2272727273
515.5	374.2272727273
515.6	385.2
516.3571428571	515.2857142857
515.5	528.2272727273
515.5	539.2272727273
515.6	550.2
517.0882352941	206.2647058824
516.6	220.3
518.5	593.6538461538
518.55	460.25
518.5	475.7727272727
518.5	486.7727272727
519.2777777778	159.7222222222
519.5	616.45
521.125	399.6875
520.5	413.0454545455
520.5	424.0454545455
520.5	435.0454545455
520.2	445.6
521.125	564.6875
522.2777777778	234.6666666667
521.5	249.2272727273
521.5	260.2272727273
521.5	271.2272727273
521.5	282.2272727273
521.5	293.2272727273
521.5	304.2272727273
521.5	315.2272727273
521.6	326.2
522.8846153846	171.4230769231
522.5	183.4090909091
522.6	194.3
522.42	664.64
525.2058823529	501.0882352941
525.1875	634.0625
524.2	647.2
526.3666666667	581.5666666667
527.375	671.375
527.125	340.6875
526.5	354.0454545455
526.5	365.0454545455
526.5	376.0454545455
526.5	387.0454545455
527.1428571429	517.6428571429
526.5	530.0454545455
526.5	541.0454545455
526.5	552.0454545455
526.7105263158	603.0789473684
528.2777777778	208.6666666667
527.6	223.2
529.55	462.05
529.5	477.5909090909
529.5	488.4
531.3571428571	619.2857142857
532.125	401.5625
531.5	414.9545454545
531.5	425.9545454545
531.5	436.9545454545
531.2	447.5
532.125	566.5625
533.125	237.6875
532.5	251.0454545455
532.5	262.0454545455
532.5	273.0454545455
532.5	284.0454545455
532.5	295.0454545455
532.5	306.0454545455
532.5	317.0454545455
532.5	328.0454545455
533	175.6
533.5	186.2272727273
533.6	197.2
533.95	654.7
535.9444444444	503
535.55	590.05
535.9375	634.875
536.8684210526	672.0263157895
538.125	342.5625
537.5	355.9545454545
537.5	366.9545454545
537.5	377.9545454545
537.5	388.9545454545
538.1428571429	519.5714285714
537.5	531.9545454545
537.5	542.9545454545
537.5	553.9545454545
538.3461538462	607.5769230769
539.125	211.6875
538.5	225.0454545455
540.55	463.85
540.5	479.4090909091
540.5	490.2
541.6052631579	574.7631578947
542.3571428571	621.0714285714
543.1875	402.0625
542.5	415.7727272727
542.5	426.7727272727
542.5	437.7727272727
542.2	448.2
544.125	239.5625
543.5	252.9545454545
543.5	263.9545454545
543.5	274.9545454545
543.5	285.9545454545
543.5	296.9545454545
543.5	307.9545454545
543.5	318.9545454545
543.5	329.9545454545
544	188.5
544.5	199.0454545455
544.7105263158	646.0789473684
544.8	661.3
547.1315789474	505.2894736842
547.2777777778	593.7222222222
547.6052631579	559.6578947368
547.8684210526	673.9473684211
549.1875	342.9375
548.5	356.6818181818
548.5	367.6818181818
548.5	378.6818181818
548.6	389.6
549.1153846154	520.1923076923
548.5	532.6818181818
548.5	543.6818181818
549.3333333333	608.0833333333
550.125	213.4375
549.5	226.8636363636
550.7105263158	630.9736842105
551.7105263158	456.0789473684
551.5	471.0454545455
551.5	482.0454545455
551.5	492.9
553.3823529412	578.4411764706
554.0882352941	403.2647058824
553.5	417.4090909091
553.5	428.4090909091
553.5	439.4090909091
555.1875	239.875
554.5	253.5909090909
554.5	264.5909090909
554.5	275.5909090909
554.5	286.5909090909
554.5	297.5909090909
554.5	308.5909090909
554.5	319.5909090909
554.6	330.5
554.5	200.6111111111
556.1875	648.0625
555.8	661.9
558.3125	508.1875
558.4333333333	596.7666666667
557.7105263158	617.0789473684
558.7380952381	551.2142857143
558.6	567.2
558.7857142857	675.7380952381
560.0882352941	344.2647058824
559.5	358.4090909091
559.5	369.4090909091
559.5	380.4090909091
559.6	391.3
560.1153846154	521.8846153846
559.5	534.4090909091
560.8125	214.125
560.6	227.5
562.3571428571	633.2857142857
562.7105263158	446.9736842105
562.5	461.9545454545
562.5	472.9545454545
562.5	483.9545454545
562.5	494.9545454545
564.125	581.6875
565.2777777778	405.6666666667
564.5	420.2272727273
564.5	431.2272727273
566.0882352941	241.2647058824
565.5	255.4090909091
565.5	266.4090909091
565.5	277.4090909091
565.5	288.4090909091
565.5	299.4090909091
565.5	310.4090909091
565.5	321.4090909091
565.6	332.3
567.0882352941	649.4411764706
566.8	663.7
567.55	605.25
569.3125	510.0625
569.25	622.0833333333
569.5	542.55
569.5	558.0454545455
569.5	569.0454545455
569.5	678.6428571429
571.2777777778	346.6666666667
570.5	361.2272727273
570.5	372.2272727273
570.5	383.2272727273
570.6	394.2
571.3571428571	524.2857142857
570.5	219.1666666667
571.6	229.3
573.3571428571	635.0714285714
573.55	447.25
573.5	462.7727272727
573.5	473.7727272727
573.5	484.7727272727
573.5	495.7727272727
573.6052631579	589.9736842105
576.125	408.6875
575.5	422.0454545455
575.2	432.6
577.2777777778	243.6666666667
576.5	258.2272727273
576.5	269.2272727273
576.5	280.2272727273
576.5	291.2272727273
576.5	302.2272727273
576.5	313.2272727273
576.5	324.2272727273
576.6	335.2
578.0882352941	651.2647058824
577.5	665.4090909091
579.0882352941	608.4411764706
580.2058823529	510.0882352941
579.6052631579	574.9736842105
580.3333333333	622.1666666667
580.5	533.45
580.5	548.9545454545
580.1	559.4
580.5	680.6904761905
582.125	349.6875
581.5	363.0454545455
581.5	374.0454545455
581.5	385.0454545455
581.5	396.0454545455
582.0555555556	232.6111111111
584.3	636.4333333333
584.55	449.05
584.5	464.5909090909
584.5	475.5909090909
584.5	486.5909090909
584.5	497.4
585.1875	593.1875
587.7727272727	684.2272727273
587.125	410.5625
586.5	423.9545454545
586.2	434.5
588.125	246.6875
587.5	260.0454545455
587.5	271.0454545455
587.5	282.0454545455
587.5	293.0454545455
587.5	304.0454545455
587.5	315.0454545455
587.5	326.0454545455
587.5	337.0454545455
588.95	520.7
589.2777777778	653.6666666667
588.5	668.2272727273
590.55	566.05
590.6	581.5
590.9444444444	611
590.7	625.6
592.2142857143	536.9285714286
591.5	549.7727272727
593.125	351.5625
592.5	364.9545454545
592.5	375.9545454545
592.5	386.9545454545
592.5	397.9545454545
593.7222222222	504.7777777778
595.2333333333	639.5666666667
595.7380952381	451.3095238095
595.5	467.3181818182
595.5	478.3181818182
595.5	489.3181818182
596.3235294118	595.4411764706
596.9090909091	683.6590909091
598.1875	410.9375
597.5	424.6818181818
597.2	435.1
598	251.3
598.5	261.8636363636
598.5	272.8636363636
598.5	283.8636363636
598.5	294.8636363636
598.5	305.8636363636
598.5	316.8636363636
598.5	327.8636363636
598.5	338.8636363636
600.25	524
600.125	656.5625
599.3	669.6
601.55	556.75
601.5	572.3181818182
601.6	583.2
602.0882352941	613.2058823529
601.5	627.3181818182
603.2142857143	538.6428571429
604.1875	352
603.5	365.6818181818
603.5	376.6818181818
603.5	387.6818181818
603.6	398.6
604.55	505.35
606.125	641.6875
606.7105263158	443.1842105263
606.5	458.1363636364
606.5	469.1363636364
606.5	480.1363636364
606.2	490.7
607.0625	598
607.9090909091	685.5
609.0882352941	412.3235294118
608.5	426.5
608.5	263.5
609.5	273.6818181818
609.5	284.6818181818
609.5	295.6818181818
609.5	306.6818181818
609.5	317.6818181818
609.5	328.6818181818
609.6	339.6
611.0882352941	525.3235294118
611.125	658.4375
610.3	671.5
612.5	548.55
612.5	564.0454545455
612.5	575.0454545455
612.5	586.0454545455
613.0294117647	616.1470588235
612.5	630.0454545455
615.0882352941	353.2647058824
614.5	367.4090909091
614.5	378.4090909091
614.5	389.4090909091
614.6	400.3
615.55	507.05
617.2333333333	642.5
617.7105263158	433.9736842105
617.5	448.9545454545
617.5	459.9545454545
617.5	470.9545454545
617.5	481.9545454545
617.2	492.5
618.125	600.5625
618.6904761905	687.7380952381
620.2777777778	414.6666666667
619.5	276.1666666667
620.5	286.4090909091
620.5	297.4090909091
620.5	308.4090909091
620.5	319.4090909091
620.5	330.4090909091
620.6	341.3
620.55	534.85
622.0882352941	658.4411764706
621.5	672.5909090909
624.1666666667	553.1
623.5	565.9545454545
623.5	576.9545454545
623.5	587.9545454545
624.0294117647	618.0294117647
623.7	632.1
624.6666666667	518.7222222222
626.2777777778	355.6666666667
625.5	370.2272727273
625.5	381.2272727273
625.5	392.2272727273
625.6	403.2
627.55	499.05
628.3571428571	644.0714285714
628.55	434.25
628.5	449.7727272727
628.5	460.7727272727
628.5	471.7727272727
628.5	482.7727272727
629.1875	601.0625
629.7380952381	688.8333333333
630.9666666667	417.2333333333
631	289.6
631.5	300.2272727273
631.5	311.2272727273
631.5	322.2272727273
631.5	333.2272727273
631.6	344.2
632.1315789474	538.1842105263
633.0882352941	660.2647058824
632.5	674.4090909091
635.2142857143	553.9285714286
634.5	566.7727272727
634.5	577.7727272727
634.6	588.7
634.9444444444	618.1666666667
634.7	632.8
635.4473684211	520.0789473684
637.125	358.6875
636.5	372.0454545455
636.5	383.0454545455
636.5	394.0454545455
636.5	405.0454545455
638.55	489.85
638.5	505.4090909091
639.3	645.4333333333
639.55	436.05
639.5	451.5909090909
639.5	462.5909090909
639.5	473.5909090909
640.125	602.125
640.7173913043	690.4130434783
641.9666666667	419.1
642	302.5
642.5	313.0454545455
642.5	324.0454545455
642.5	335.0454545455
642.5	346.0454545455
643.0882352941	540.5588235294
644.2777777778	662.6666666667
643.3	676.9
646.2142857143	555.7142857143
645.5	568.5909090909
645.5	579.5909090909
645.6	590.5
645.9444444444	620
645.7	634.6
646.55	521.25
648.125	360.5625
647.5	373.9545454545
647.5	384.9545454545
647.5	395.9545454545
647.5	406.9545454545
649.7380952381	481.2142857143
649.5	497.2272727273
649.3	507.9
650.5	647.875
650.55	437.85
650.5	453.4090909091
650.5	464.4090909091
651.125	603.9375
652.1666666667	692.3333333333
653.0333333333	419.5
653	315.4
653.5	325.9545454545
653.5	336.9545454545
653.5	347.9545454545
653.8888888889	541.8888888889
655.125	665.6875
654.3	678.7
657.4333333333	557.9666666667
656.5	571.3181818182
656.5	582.3181818182
656.6	593.3
657.1315789474	622.2894736842
656.7	637.4
657.7631578947	523.4473684211
659.1875	360.9375
658.5	374.6818181818
658.5	385.6818181818
658.5	396.6818181818
658.6	407.6
660.5	472.45
660.5	487.9545454545
660.5	498.9545454545
660.3	509.6
661.1666666667	651.1
661.7105263158	430.0789473684
661.5	445.0454545455
661.5	456.0454545455
662.1666666667	607.4333333333
662.95	693.5
663.5	327.3888888889
664.5	337.5909090909
664.6	348.5
664.9444444444	542.3888888889
666.1875	666.0625
665.3	679.3
667.7105263158	415.0789473684
668.1666666667	560.1666666667
667.5	573.0454545455
667.5	584.0454545455
667.5	595.0454545455
668.0294117647	625.1470588235
667.5	639.0454545455
668.9210526316	525.3421052632
670.0882352941	362.2647058824
669.5	376.4090909091
669.5	387.4090909091
669.5	398.4090909091
671.55	462.25
671.5	477.7727272727
671.5	488.7727272727
671.5	499.7727272727
671.3	510.3
672.3571428571	651.2857142857
673.125	433.5625
672.1	446.4
673.125	609.5625
673.5	695.175
674.5	340.1666666667
675.6	350.3
675.9444444444	544.8333333333
677.0882352941	667.4411764706
676.5	681.5909090909
678.7105263158	405.9736842105
678.5	420.9545454545
679.1666666667	562.1
678.5	574.9545454545
678.5	585.9545454545
678.5	596.9545454545
679.0294117647	627.0294117647
678.7	641.1
679.4473684211	527.1842105263
681.2777777778	364.6666666667
680.5	379.2272727273
680.5	390.2272727273
682.55	453.05
682.5	468.5909090909
682.5	479.5909090909
682.5	490.5909090909
682.5	501.5909090909
682.5	512.5909090909
683.3571428571	653.0714285714
684.1875	434.0625
684.1875	610.0625
684.55	696.05
686.0555555556	353.6111111111
687.1315789474	547.1842105263
688.0882352941	669.2647058824
687.3	683
689.55	406.25
689.6	421.7
690.2142857143	562.9285714286
689.5	575.7727272727
689.5	586.7727272727
689.6	597.7
689.9444444444	627.1666666667
689.7	641.8
690.4473684211	529.0789473684
692.125	367.6875
691.5	381.0454545455
691.2	391.6
693.7380952381	444.3095238095
693.5	460.3181818182
693.5	471.3181818182
693.5	482.3181818182
693.5	493.3181818182
693.5	504.3181818182
693.5	515.3181818182
694.5	654.9375
695.125	611
695.6	696.75
698.0882352941	549.4411764706
698.7222222222	428.7777777778
699.125	672.6875
698.1666666667	685.3888888889
700.55	407.85
701.2142857143	564.5
700.5	577.4090909091
700.5	588.4090909091
700.6	599.3
700.9444444444	628.8333333333
700.7	643.4
701.7631578947	530.5526315789
701.5	371.6111111111
702.5	381.7727272727
702.2	392.2
705.0294117647	448.1470588235
704.5	462.0454545455
704.5	473.0454545455
704.5	484.0454545455
704.5	495.0454545455
704.5	506.0454545455
704.3	516.7
705.125	657.6875
706.3235294118	613.3823529412
706.7222222222	698.2777777778
708.9444444444	549.5555555556
709.7105263158	419.9736842105
709.5	434.9545454545
710.125	674.5625
709.1666666667	687.2777777778
711.95	399.7
712.4375	566.5
711.5	580.2272727273
711.5	591.2272727273
711.6	602.2
712.2777777778	631.6666666667
711.5	646.2272727273
712.7222222222	531.9444444444
712	383.75
716.0294117647	450.0294117647
715.5	463.9545454545
715.5	474.9545454545
715.5	485.9545454545
715.5	496.9545454545
715.5	507.9545454545
715.3	518.6
716.1666666667	660.1
717.1666666667	616.4333333333
717.6875	698.90625
719.9444444444	551.3888888889
720.55	420.25
720.5	435.7727272727
721.1875	675.0625
720.1666666667	687.9444444444
722	395.5
722.2	405.6
723.1666666667	569.1666666667
722.5	582.0454545455
722.5	593.0454545455
722.5	604.0454545455
723.0294117647	634.1470588235
722.5	648.0454545455
723.9210526316	534.3421052632
726.9444444444	450.1666666667
726.5	464.7727272727
726.5	475.7727272727
726.5	486.7727272727
726.5	497.7727272727
726.5	508.7727272727
726.3	519.3
727.3571428571	660.2857142857
728.125	618.5625
728.6111111111	699.6388888889
730.8888888889	554.8333333333
731.7380952381	423.2619047619
731.5	439.2
732.2777777778	677.7777777778
731.125	691.75
733.5	408.2272727273
734.4333333333	571.1
733.5	584.2272727273
733.5	595.2272727273
733.5	606.2272727273
734.2777777778	635.6666666667
733.7	650.4
734.7380952381	536.0238095238
738.3823529412	452.1470588235
737.5	466.4090909091
737.5	477.4090909091
737.5	488.4090909091
737.5	499.4090909091
737.5	510.4090909091
737.5	521.4090909091
738.4333333333	662.1
739.4375	618.3125
739.2857142857	701.3214285714
742.2777777778	553.3888888889
742.95	421.1
742.5	436.7727272727
743.4375	675.9375
742.5	689.7727272727
745.3571428571	568.2142857143
744.5	581.0454545455
744.5	592.0454545455
744.5	603.0454545455
745.3823529412	632.7352941176
744.5	647.0454545455
746.1315789474	533.4473684211
749.3823529412	448.1470588235
748.5	462.5
748.5	473.5
748.5	484.5
748.5	495.5
748.5	506.5
748.5	517.5
749.4333333333	658.1
750.4375	614.25
751.1315789474	699.4473684211
753.2777777778	549.0555555556
753.5	421.5
753.5	432.5
754.4375	671.625
753.5	685.5
756.3571428571	563.8571428571
755.5	576.6818181818
755.5	587.6818181818
755.5	598.6818181818
756.3823529412	628.3235294118
755.5	642.6818181818
757.1315789474	529.0789473684
760.3823529412	443.6764705882
759.5	458.0454545455
759.5	469.0454545455
759.5	480.0454545455
759.5	491.0454545455
759.5	502.0454545455
759.5	513.0454545455
760.4333333333	653.6333333333
761.4375	609.6875
762.1315789474	696.1842105263
764.2777777778	544.5555555556
764.5	427.9545454545
765.4375	667.0625
764.5	680.9545454545
767.3571428571	559.1428571429
766.5	572.0454545455
766.5	583.0454545455
766.5	594.0454545455
767.3823529412	623.6764705882
766.5	638.0454545455
768.1315789474	524.3421052632
771.3823529412	438.7941176471
770.5	453.2272727273
770.5	464.2272727273
770.5	475.2272727273
770.5	486.2272727273
770.5	497.2272727273
770.5	508.2272727273
771.4333333333	648.7666666667
772.4375	604.8125
772.4230769231	694.6153846154
775.2777777778	539.4444444444
776.4375	661.9375
775.5	675.8636363636
778.3571428571	554.0714285714
777.5	566.9545454545
777.5	577.9545454545
777.5	588.9545454545
778.3823529412	618.5588235294
777.5	632.9545454545
779.1315789474	519.2368421053
781.5	437.1363636364
781.5	448.1363636364
781.5	459.1363636364
781.5	470.1363636364
781.5	481.1363636364
781.5	492.1363636364
781.5	503.1363636364
782.4333333333	643.7
783.4375	599.625
783.85	687.4
784.9166666667	699.1666666667
786.2777777778	534.1111111111
787.4375	656.4375
786.5	670.5
789.3571428571	548.4285714286
788.5	561.4090909091
788.5	572.4090909091
788.5	583.4090909091
789.3823529412	612.9117647059
788.5	627.4090909091
790.1315789474	513.5
792.5	442.2272727273
792.5	453.2272727273
792.5	464.2272727273
792.5	475.2272727273
792.5	486.2272727273
792.5	497.2272727273
793.4333333333	637.7666666667
794.4375	593.8125
795.1315789474	680.9210526316
795.2142857143	696.0714285714
797.2777777778	528.2222222222
798.4375	650.5625
797.5	664.5909090909
800.3571428571	542.5
799.5	555.5
799.5	566.5
799.5	577.5
800.3823529412	606.9705882353
799.5	621.5
801.1315789474	507.6052631579
803.5	447.2272727273
803.5	458.2272727273
803.5	469.2272727273
803.5	480.2272727273
803.5	491.2272727273
804.4333333333	631.7
805.4375	587.5625
806.1315789474	674.7105263158
806.7173913043	693.5869565217
808.2777777778	521.8888888889
809.4375	644.25
808.5	658.3181818182
811.3571428571	536
810.5	549.0454545455
810.5	560.0454545455
810.5	571.0454545455
811.3823529412	600.5
810.5	615.0454545455
812.1315789474	501.0263157895
814.5	451.5
814.5	462.5
814.5	473.5
814.5	484.5
815.4333333333	624.9
816.4375	580.75
817.1315789474	667.7105263158
817.9166666667	682.75
817.0833333333	693.75
819.2777777778	514.8333333333
820.4375	637
819.5	651.1363636364
822.3571428571	528.7857142857
821.5	541.8636363636
821.5	552.8636363636
821.5	563.8636363636
822.3823529412	593.2647058824
821.5	607.8636363636
823.0555555556	205.7777777778
822.0833333333	220.7083333333
823.1315789474	493.7105263158
823.9166666667	192.3333333333
823.5	232.0769230769
824.7	244.4666666667
826.1923076923	181.5
825.5	455.0454545455
825.5	466.0454545455
825.5	477.0454545455
826.4333333333	617.3666666667
826.5714285714	258.5
827.4375	573.125
828.1315789474	660.1315789474
829.0384615385	169.4230769231
828.7941176471	271.6176470588
828.9166666667	675.0833333333
828.2619047619	690.2380952381
830.2777777778	507.0555555556
830.7666666667	286.4666666667
831.4375	629.1875
830.5	643.4090909091
833.3571428571	520.5714285714
832.5	533.7727272727
832.5	544.7727272727
832.5	555.7727272727
833.3823529412	585.0882352941
832.5	599.7727272727
834.375	159.3125
833.7	215.75
834.1315789474	485.5526315789
834.8846153846	199.5
834.7941176471	299.7352941176
835.7105263158	234.7631578947
835.9	249.3
837.0625	185.5625
836.5	457.6818181818
836.5	468.6818181818
837.4333333333	608.9666666667
838.4375	564.625
839.3823529412	652.3235294118
840.3823529412	148.6764705882
841.1923076923	171.3461538462
839.9117647059	262.0294117647
839.9	275.7
839.8529411765	311.8235294118
839.9166666667	666.4166666667
839.5	678.2272727273
839.5	688.4090909091
841.2777777778	498.2777777778
842.4375	620.3125
841.5	634.5909090909
842.1	645.7
843.1666666667	288.7
844.3571428571	511.7142857143
843.5	524.9545454545
843.5	535.9545454545
843.5	546.9545454545
844.4375	576.6875
843.5	590.9545454545
844.8157894737	217.4473684211
845.3235294118	322.7352941176
845.3823529412	477.3235294118
846.0384615385	202.2692307692
847.1470588235	136.6764705882
846.5	237.6052631579
847.625	251.25
848.3	189.6333333333
847.5	459.3181818182
848.1	470.1
848.4333333333	599.4333333333
849.25	300.5625
849.4375	555
850.1666666667	569.3333333333
850.5555555556	155.5
850.5	169.9545454545
851.9285714286	179.5
850.5555555556	265.5
851.2777777778	279.0555555556
850.5	657.5
850.5	668.5
850.5	683.5454545455
852.2777777778	334.7222222222
851.5	492.5
852.5	613.5
852.5	624.5
852.5	635.5
852.5	646.5
855	126.2777777778
854.5	503.5
854.5	514.5
854.5	525.5
854.5	536.5
854.5	580.5
855.7631578947	223.2368421053
855.8333333333	312.1111111111
857.3	324.9
855.5	481.5
857.1153846154	208.4230769231
857.3823529412	288.5588235294
857.6	244.25
858.9375	142.6875
858.9444444444	187.1666666667
860.3	200.1
859.2777777778	347.3611111111
859.3571428571	461.4285714286
858.5	473.2272727273
859.3571428571	593.4285714286
858.5	605.2272727273
860.4333333333	549.9
859.5	562.1363636364
859.5	573.1363636364
861.4473684211	161.6052631579
863.1666666667	174.5
861.5	260.9444444444
862.625	274.125
862.3823529412	660.5588235294
861.5	673.8636363636
860.5625	683.71875
862.9444444444	114.9444444444
863.4230769231	333.3461538462
863.2777777778	495.7777777778
864.4375	617.8125
863.5	631.5
863.5	642.5
862.9	650.1
865.3888888889	300.7222222222
866.3571428571	509.5714285714
865.5	522.9545454545
865.5	533.9545454545
866.9285714286	544.0714285714
867.2142857143	584.0714285714
866.7631578947	231.4473684211
866.9285714286	319.2142857143
867.1315789474	358.8947368421
867.7777777778	131.5555555556
867.7631578947	208.8157894737
869.25	222.25
868.3571428571	283.6428571429
869.9	183.9
871.3	197.7
869.95	461.35
869.5	476.5909090909
870.0555555556	486.9444444444
870.3823529412	603.0882352941
870.6666666667	150.1111111111
870.7222222222	249.0555555556
871.5	345.5
870.7380952381	560.2619047619
872.1666666667	574.5
871.7631578947	104.4473684211
873.0384615385	167.6538461538
872.9375	267.9375
872.95	668.75
871.8076923077	681.1923076923
874.3571428571	329.9285714286
875.1315789474	371.6842105263
874.95	623.35
874.5	638.6818181818
874.5	649.6818181818
874.5	656.75
875.6578947368	297.4473684211
875.9	312.3
876.9736842105	120.5
876.95	500.75
876.5	516.1363636364
876.5	527.1363636364
876.5	538.1363636364
877.25	547.625
877.2777777778	587.7777777778
878.7631578947	206.9736842105
878.5	222.3181818182
878.5	233.3181818182
879.3461538462	281.4230769231
879.5	358.2692307692
879.6111111111	138.5555555556
880.7105263158	93.0263157895
880.6578947368	181.6578947368
882.3	193.7
880.7380952381	454.1666666667
880.5	470.1363636364
880.5	481.1363636364
882.3	489.9
881.3823529412	606.3235294118
881.7105263158	157.9210526316
881.3947368421	246.8684210526
881.9	261.4
882.1666666667	342.8333333333
881.55	563.45
883.1666666667	576.6666666667
883.1315789474	384.8947368421
883.5	321.25
883.5	671.0909090909
885.75	625.35
885.5	640.9545454545
885.5	651.9545454545
886.75	659.75
886.7380952381	108.5
886.9	295.6
888.3	308.5
887.7142857143	369.4285714286
887.7105263158	272.4473684211
887.85	501.45
887.5	517.2272727273
887.5	528.2272727273
887.5	539.2272727273
888.2777777778	549.3888888889
888.2222222222	588.6111111111
889.5	127.75
889.5	204.75
889.5	220.2272727273
889.9	230.7
890.0384615385	355.1153846154
890.2222222222	400.25
890.5	82.65
890.5	170.65
890.8	442.25
891.5	147.55
892.0384615385	187.9615384615
891.5	334.55
891.8157894737	461.9736842105
891.5	476.9545454545
891.8333333333	487.0555555556
892.1470588235	606.0294117647
892.5	245.45
893.9285714286	258.6428571429
893.4333333333	560.3666666667
892.5	573.3181818182
894.1428571429	384.2857142857
893.7666666667	411.3
895.1428571429	317.2142857143
895.1428571429	427.2142857143
894.8888888889	669.3888888889
897.1666666667	616.2333333333
896.5	630.5909090909
896.5	641.5909090909
896.5	652.5909090909
899.1666666667	663
897.7380952381	96.5
897.9	112
897.7380952381	283.5
897.5	299.5
899.3	307.5
898.4375	369
898.9166666667	267
898.7380952381	502.5
898.5	518.5
898.5	529.5
898.5	540.5
899.9285714286	549.5
899.3823529412	580.0882352941
899.625	594
899.7380952381	347.5
900.7380952381	71.5
900.7380952381	126.5
900.7380952381	159.5
900.7380952381	203.5
900.5	219.5
900.9	230
901.7380952381	180.5
901.7380952381	444.5
903.1923076923	142.5
903.3571428571	330
902.7380952381	465.5
902.5	481.5
904.3	489.5
903.7380952381	244.5
905.1666666667	258
903.7380952381	398.5
904.4375	561
904.9166666667	382
904.7380952381	419.5
906.3571428571	316
906.7380952381	604.5
907.7380952381	625.5
907.5	641.5
907.5	652.5
907.5	663.3461538462
908.7380952381	85.5
908.5	101.5
909.2777777778	111.5
908.7380952381	283.5
908.5	299.5
910.25	307
908.7380952381	360.5
910.3	373.5
909.9166666667	267
909.7380952381	502.5
909.5	518.5
909.5	529.5
909.5	540.5
910.9285714286	549.5
909.7380952381	579.5
911.25	592
911.1923076923	343.5
911.7380952381	60.5
913.25	73
911.95	126
911.7380952381	159.5
911.7380952381	192.5
911.5	208.5
911.5	219.5
912.2777777778	229.5
912.9166666667	176
912.7380952381	433.5
912.5	449.5
914.1923076923	142.5
914.3571428571	330
913.7380952381	465.5
913.5	481.5
915.3	489.5
914.7380952381	244.5
916.1666666667	258
914.7380952381	398.5
915.4375	561
915.9166666667	382
916.3571428571	416
917.3571428571	316
917.7380952381	604.5
918.7380952381	625.5
918.5	641.5
919.1923076923	653.1538461538
917.1	661.1
919.7380952381	85.5
919.5	101.5
920.2777777778	111.5
919.7380952381	283.5
919.5	299.5
921.25	307
919.7380952381	360.5
921.3	373.5
920.9166666667	267
920.7380952381	502.5
920.5	518.5
920.5	529.5
920.5	540.5
921.9285714286	549.5
920.7380952381	579.5
922.25	592
922.1923076923	343.5
922.7380952381	49.5
922.5	65.5
924.25	73
922.95	126
922.7380952381	159.5
922.7380952381	192.5
922.5	208.5
922.5	219.5
923.2777777778	229.5
923.9166666667	176.1666666667
923.7380952381	433.5952380952
923.5	449.5909090909
925.1923076923	142.8076923077
925.3571428571	330.2857142857
924.7380952381	465.6904761905
924.5	481.6818181818
926.3	489.9
925.7380952381	244.7857142857
927.1666666667	258.5
925.7380952381	398.7857142857
926.4375	561.375
926.9166666667	382.4166666667
927.3571428571	416.5
928.3571428571	316.5714285714
928.7380952381	605.0714285714
929.7380952381	626.1666666667
929.9166666667	642.5
928.5909090909	651.2272727273
930.7380952381	86.2619047619
930.5	102.2272727273
931.2777777778	112.3888888889
930.7380952381	284.2619047619
930.5	300.2272727273
932.25	307.75
930.7380952381	361.2619047619
932.3	374.3
931.9166666667	267.8333333333
931.7380952381	503.3571428571
931.5	519.3181818182
931.5	530.3181818182
931.5	541.3181818182
932.9285714286	550.3571428571
931.7380952381	580.3571428571
933.25	592.75
933.1923076923	344.4230769231
933.7380952381	39.5
933.5	55.5
933.5	66.5
935.25	74
933.95	127
933.7380952381	160.5
933.7380952381	193.5
933.5	209.5
933.5	220.5
934.2777777778	230.5
934.9166666667	177.1666666667
934.7380952381	434.5952380952
934.5	450.5909090909
935.8333333333	144.0833333333
936.0384615385	331.5769230769
935.5	467.05
935.5	482.5
937.3	490.5
936.7380952381	246.2619047619
938.1666666667	260.3333333333
936.7380952381	400.2619047619
937.4375	563
937.9166666667	384.6666666667
938.3571428571	418.9285714286
939.2857142857	318.8571428571
939.7380952381	606.1666666667
940.9090909091	628.25
938.7222222222	641.2777777778
941.5	87.6578947368
941.5	102.5
942.2777777778	112.5
941.5	285.6578947368
941.5	300.5
942.8333333333	308.8333333333
941.5	362.6578947368
942.9285714286	375.5
943.1923076923	269.3461538462
942.7380952381	503.6904761905
942.5	519.6818181818
942.5	530.6818181818
942.5	541.6818181818
943.625	551.25
942.8	581.05
943.9	594.1
943.8571428571	346
940	33.5
940.5	44.8333333333
941.5	56.3
942	67.5
942.5	74.8333333333
944.55	128.65
944.55	161.65
944.55	194.65
944.5	210.1363636364
944.5	221.1363636364
944.9	231.8
946.1153846154	178.2692307692
946.1315789474	433.6578947368
945.5	449.2272727273
945.5	460.2272727273
947.2857142857	144.5
947.5	330
946.7105263158	475.1315789474
947	488.625
948.0714285714	243.2857142857
947.5	255.8636363636
947.6052631579	405.9210526316
948.1666666667	561.6333333333
949	389.125
950.8636363636	419.9545454545
951.1923076923	315.8846153846
950.8529411765	604.8529411765
950.9615384615	619.5384615385
948.5	629.75
948	92
949	103.75
950	115.3333333333
952.7380952381	286.7857142857
952.5	302.7727272727
952.7380952381	363.7857142857
953.25	378.75
953.7142857143	268.7142857143
953.6578947368	502.3421052632
953.5	517.4090909091
953.5	528.4090909091
953.5	539.4090909091
954.1666666667	549.8333333333
953.6578947368	579.3421052632
954.0714285714	592.5
955.1315789474	343.5526315789
953.0714285714	130.5
955.7380952381	162.119047619
955.7380952381	195.119047619
955.5	211.1363636364
955.5	222.1363636364
955.9	233
956.9166666667	179
957.2647058824	432.7941176471
956.5	447.3181818182
956.5	458.3181818182
955.5	145.2142857143
959.0384615385	326.9615384615
957.6764705882	472.3235294118
957.5	486.3181818182
958.8333333333	247.6666666667
959.375	261.375
959.3823529412	564.5
959.9	394.25
959.5	409.7727272727
962.4333333333	315.3666666667
962.6818181818	419.1363636364
961.9285714286	603.5714285714
957.7	617.3
963.75	282.95
963.5	298.4090909091
964.5	306.75
963.9736842105	360.2894736842
963.5	375.4090909091
965	385.8333333333
965.0789473684	497.0263157895
964.5	512.2272727273
964.5	523.2272727273
964.5	534.2272727273
964.5	545.2272727273
965.5	555.625
965.0555555556	583.6111111111
966.6818181818	266.9545454545
965.7857142857	343.2857142857
962.5	168.5
966.4473684211	197.2894736842
966.5	212.3181818182
966.5	223.3181818182
966.8	233.9
965	181.3333333333
968.1666666667	434.0555555556
967.5	448.5909090909
967.5	459.5909090909
968.5666666667	472.7666666667
969.0714285714	484.2142857143
970.25	244.8125
970	257.75
970.5	330.1875
970.4375	571.25
970.95	400.1
973.5833333333	316.0833333333
973.3	417.4333333333
970.25	597.5625
975.0263157895	280.6578947368
974.5	295.7727272727
974.125	305.125
975.0263157895	357.6578947368
974.5	372.7727272727
974.5	383.7727272727
976.2777777778	493.3888888889
975.5	508.4090909091
975.5	519.4090909091
975.5	530.4090909091
975.5	541.4090909091
975.5	552.4090909091
976.25	562.375
974.9444444444	587.0555555556
974	204.5
976.5	215.9444444444
977.5	226.5909090909
978.5714285714	265.0714285714
978.5714285714	342.0714285714
978.95	434.55
978.5	450.1363636364
978.5	461.1363636364
980.1153846154	472.2692307692
980.8333333333	484
980.5526315789	242.1315789474
981	255.3333333333
981.3461538462	328.1923076923
981.0882352941	573.0294117647
981.7631578947	398.5
984.3125	314.1875
984.25	415.8125
985.7380952381	287.119047619
985.5	301.875
985.7380952381	364.119047619
985.5	380.1363636364
987	390.6666666667
986.95	498.8
986.5	514.4090909091
986.5	525.4090909091
986.5	536.4090909091
986.5	547.4090909091
987.0454545455	557.9090909091
985.5	233
989.0294117647	270.3823529412
989.0294117647	347.3823529412
990.2777777778	429.2777777778
989.5	444.3181818182
989.5	455.3181818182
990.7307692308	467.6538461538
990.5	479.5909090909
992	490
990.6538461538	249.1923076923
992.0714285714	260.6428571429
992.3666666667	333.1666666667
989.1666666667	563.4166666667
993.3888888889	402.6666666667
994.5625	318.3125
996.7105263158	290.8684210526
996.6	305.5
996.7105263158	367.8684210526
996.5	382.9545454545
998	393.1666666667
998.7	415.9666666667
998.1666666667	503.5555555556
997.5	518.1363636364
997.5	529.0454545455
997.1666666667	539.875
994.5	549.1
1000.1666666667	274.7
1000.1666666667	351.7
1000.5625	433.25
1000.5	446.6818181818
1000.5	457.6818181818
1002.0333333333	470.9
1001.5	483.8636363636
1002.3571428571	493.9285714286
998.5	262.5
1003.2058823529	337.2058823529
1005.9444444444	320.8888888889
1006.75	400.85
1007.9736842105	293.3947368421
1007.6	308
1007.9736842105	370.3947368421
1007.5	385.4090909091
1008.875	419.125
1009.2777777778	505.7777777778
1008.5	520.5909090909
1008.0454545455	528.9545454545
1006.5	279.5
1011.4375	354.375
1012.0294117647	435.9117647059
1011.5	449.8636363636
1011.5	460.8636363636
1012.8846153846	472.9615384615
1012.5	484.9545454545
1013.3571428571	495.0714285714
1014.4375	338.6875
1017.2058823529	322.5
1017.75	401.95
1016	299.5
1018.6111111111	309.6111111111
1019.1315789474	372.3421052632
1018.5	387
1019.875	420
1020.2777777778	506.6666666667
1019.5	521.5
1019.5	529.4
1022.4375	355
1023.0294117647	436.5
1022.5	450.5
1022.5	461.5
1023.8846153846	473.5
1023.5	485.5
1024.3571428571	495.3571428571
1025.4375	339
1027.25	324.75
1028.7380952381	402.5
1030.1315789474	372.2368421053
1029.5	386.9
1031.0333333333	420.2333333333
1031.2777777778	506.4444444444
1030.5	521.3181818182
1030.5	530.1363636364
1033.4375	354.5
1034.0294117647	436.0294117647
1033.5	450.0454545455
1033.5	461.0454545455
1034.8846153846	472.8846153846
1034.5	484.9545454545
1035.3571428571	494.6428571429
1035.5	340.8636363636
1039.7380952381	401.5
1041.1315789474	371.3421052632
1040.5	386
1042.0333333333	419.5
1042.2777777778	505.6666666667
1041.5	520.5
1041.1923076923	530.6153846154
1043.5	356.4090909091
1045.0294117647	435.2647058824
1044.5	449.3181818182
1044.5	460.3181818182
1045.8846153846	472.1923076923
1045.5	484.2272727273
1046.3571428571	493.9285714286
1050.7	401.25
1051.2857142857	372.8571428571
1051.5	385.5909090909
1053.0333333333	418.3
1053.2647058824	505.1470588235
1052.5	519.4090909091
1052.1	530.9
1056.0294117647	432.9705882353
1055.5	447.2272727273
1055.5	458.2272727273
1056.8846153846	469.1153846154
1056.5	481.5
1056.875	490.75
1061.7380952381	397.0238095238
1062.5	380.4090909091
1063.5	413.5
1063.5	501.5
1063.5	512.5
1063.5	528.1136363636
1066.5	424.5
1066.5	435.5
1066.5	446.5
1067.5	457.5
1067.5	468.5
1067.5	479.5
1067.5	490.5
1072.5	391.5
1072.5	402.5
1073.5	380.5
1074.5	413.5
1074.5	501.5
1074.5	512.5
1077.5	424.5
1077.5	435.5
1077.5	446.5
1078.5	457.5
1078.5	468.5
1078.5	479.5
1078.5	490.5
1083.5	391.5
1083.5	402.5
1084.5	380.5
1085.5	413.5
1085.5	501.5
1085.5	512.5
1085.5	528.5
1088.5	424.5
1088.5	435.5
1088.5	446.5
1089.5	457.5
1089.5	468.5
1089.5	479.5
1089.5	490.5
1094.5	391.5
1094.5	402.5
1095.5	380.5
1096.9166666667	414.25
1096.9166666667	502.25
1096.5	513.4090909091
1100.3571428571	427.1428571429
1099.5	439.1363636364
1099.5	450.1363636364
1100.9166666667	461.5833333333
1100.5	473.0454545455
1100.5	484.0454545455
1100.4	494.5
1105.7380952381	395.7857142857
1105.9	411.5
1106.5	379.5
1107.5	511.5
1107.5	522.5
1107.5	533.3181818182
1110.5	423.5
1110.5	434.5
1110.5	445.5
1111.9166666667	457.25
1111.5	468.4090909091
1111.5	479.4090909091
1111.5	490.4090909091
1111.5	501.4090909091
1117.3823529412	393.6764705882
1116.5	406.9545454545
1116.5	417.9545454545
1117.9166666667	379.75
1119.2777777778	515.5555555556
1118.5	529.7727272727
1118.5	537.1363636364
1121.5	433.5
1121.5	444.5
1122.9166666667	456.25
1122.5	467.4090909091
1122.5	478.4090909091
1122.5	489.4090909091
1122.5	500.4090909091
1128.3823529412	403.6764705882
1127.5	416.9545454545
1127.5	427.9545454545
1129.2777777778	382
1126.7	391.5
1130.2777777778	514.5555555556
1129.5	528.7727272727
1128.6428571429	536.8928571429
1133.1923076923	444.8846153846
1133.9166666667	456.9166666667
1133.5	468.2272727273
1133.5	479.2272727273
1133.5	490.2272727273
1133.5	501.2272727273
1139.1315789474	414.2894736842
1138.5	428.7727272727
1138.8333333333	439.1666666667
1139.95	381.45
1139.5	396.5909090909
1138.1666666667	402.5
1141.2777777778	514.4444444444
1140.5	529.4090909091
1140.0833333333	536.5
1145.3823529412	456.6764705882
1144.5	469.9545454545
1144.5	480.9545454545
1144.5	491.9545454545
1144.3888888889	501.9444444444
1150.4333333333	421.9
1149.5	434.1363636364
1149.5	445.1363636364
1151.4375	378.3125
1150.5	391.0454545455
1150.5	402.0454545455
1149.0714285714	409.9285714286
1152.3823529412	521.6764705882
1150.5625	534.0625
1156.3823529412	457.5588235294
1155.5	472.2272727273
1155.5	483.2272727273
1155.5	494.2272727273
1155.5	505.2272727273
1157.3	514.7
1160.95	433.25
1161.3571428571	447.2142857143
1161.7380952381	378.4047619048
1161.5	394.2272727273
1161.5	405.2272727273
1161.5	416.2272727273
1161.5	423
1162.5	530.8636363636
1166.95	465.15
1166.5	480.3181818182
1166.5	491.3181818182
1166.5	502.3181818182
1166.5	513.3181818182
1167.3333333333	522.5
1171.95	442.15
1172.3571428571	456.0714285714
1172.7380952381	376.2142857143
1172.5	392.0454545455
1172.5	403.0454545455
1172.5	414.0454545455
1172.5	425.0454545455
1172.5	431.5
1174.2777777778	529.5833333333
1177.7380952381	474.0238095238
1177.5	489.8636363636
1177.5	500.8636363636
1177.5	511.8636363636
1179.3	521.3
1183.2777777778	449.6666666667
1182.6111111111	462.7222222222
1184.1315789474	372.8684210526
1183.5	387.4090909091
1183.5	398.4090909091
1183.5	409.4090909091
1183.5	420.4090909091
1183.5	431.4090909091
1181.75	437.75
1184.4230769231	529.4615384615
1188.95	481.85
1188.5	497.0454545455
1188.5	508.0454545455
1188.5	519.0454545455
1193.7380952381	458.8333333333
1195.1666666667	473.5
1195.1315789474	369.7631578947
1194.5	384.3181818182
1194.5	395.3181818182
1194.5	406.3181818182
1194.5	417.3181818182
1194.5	428.3181818182
1194.5	439.3181818182
1192.75	445.5
1195.4230769231	526.6538461538
1199.95	489.55
1199.5	504.7727272727
1199.5	515.7727272727
1205.1315789474	465.2368421053
1204.875	478.625
1205.95	366.25
1205.5	381.5
1205.5	392.5
1205.5	403.5
1205.5	414.5
1205.5	425.5
1205.5	436.5
1205.5	447.5
1204.1666666667	453.8333333333
1206.5	524.5
1210.95	496.25
1210.5	511.5
1211.3333333333	519.5833333333
1215.95	471.95
1216.3571428571	485.6428571429
1216.7380952381	361.880952381
1216.5	377.7727272727
1216.5	388.7727272727
1216.5	399.7727272727
1216.5	410.7727272727
1216.5	421.7727272727
1216.5	432.7727272727
1216.5	443.7727272727
1216.5	454.7727272727
1216.5	461.5
1221.95	501.95
1220.8076923077	517.1538461538
1226.7380952381	477.5
1228.1666666667	491.5
1227.95	355.45
1227.5	370.7727272727
1227.5	381.7727272727
1227.5	392.7727272727
1227.5	403.7727272727
1227.5	414.7727272727
1227.5	425.7727272727
1227.5	436.7727272727
1227.5	447.7727272727
1227.5	458.7727272727
1226.1666666667	465.1666666667
1232.95	505.95
1232.9444444444	517
1237.7380952381	480.2619047619
1239.1666666667	493.8333333333
1238.7380952381	347.2619047619
1238.5	363.2272727273
1238.5	374.2272727273
1238.5	385.2272727273
1238.5	396.2272727273
1238.5	407.2272727273
1238.5	418.2272727273
1238.5	429.2272727273
1238.5	440.2272727273
1238.5	451.2272727273
1238.5	462.2272727273
1238.5	468
1243.5	507.7045454545
1248.65	480.35
1249.625	494.5
1249.7380952381	335.9761904762
1249.5	351.9545454545
1249.5	362.9545454545
1249.5	373.9545454545
1249.5	384.9545454545
1249.5	395.9545454545
1249.5	406.9545454545
1249.5	417.9545454545
1249.5	428.9545454545
1249.5	439.9545454545
1249.5	450.9545454545
1249.5	461.9545454545
1249.8333333333	468.8333333333
1254.6111111111	504.7777777778
1257.2777777778	322.6111111111
1259.8	481.75
1260.7857142857	496.0714285714
1261.3125	338.6875
1260.5	352.6818181818
1260.5	363.6818181818
1260.5	374.6818181818
1260.5	385.6818181818
1260.5	396.6818181818
1260.5	407.6818181818
1260.5	418.6818181818
1260.5	429.6818181818
1260.5	440.6818181818
1260.5	451.6818181818
1260.5	462.6818181818
1261	471
1262.4375	310
1266.3	297.3666666667
1266.1153846154	501.5
1269.2142857143	324.6428571429
1269.2333333333	284.6333333333
1270.9210526316	485.7105263158
1271.8125	269.8125
1271.9666666667	340.0333333333
1271.5	353.2272727273
1271.5	364.2272727273
1271.5	375.2272727273
1271.5	386.2272727273
1271.5	397.2272727273
1271.5	408.2272727273
1271.5	419.2272727273
1271.5	430.2272727273
1271.5	441.2272727273
1271.5	452.2272727273
1271.5	463.2272727273
1271.0714285714	471.6428571429
1274.2142857143	309.3571428571
1274.2857142857	256.0714285714
1275.6875	240.6875
1277.0384615385	226.6538461538
1276.5769230769	496.9230769231
1279.3	326.6333333333
1279.7380952381	292.2142857143
1281.9545454546	481.9772727273
1282.6666666667	273.2222222222
1283.2333333333	341.5
1282.5	354.7727272727
1282.5	365.7727272727
1282.5	376.7727272727
1282.5	387.7727272727
1282.5	398.7727272727
1282.5	409.7727272727
1282.5	420.7727272727
1282.5	431.7727272727
1282.5	442.7727272727
1282.5	453.7727272727
1282.5	464.7727272727
1284.1666666667	311.1
1284.8157894737	254.1315789474
1286.5	229.5
1287.3	239.2
1288.3888888889	490.8888888889
1290.25	326.9375
1290.55	293.85
1292.55	472.35
1293.75	486.5
1293.65	274.65
1294.3823529412	342.7941176471
1293.5	357.1363636364
1293.5	368.1363636364
1293.5	379.1363636364
1293.5	390.1363636364
1293.5	401.1363636364
1293.5	412.1363636364
1293.5	423.1363636364
1293.5	434.1363636364
1293.5	445.1363636364
1293.5	456.1363636364
1295.2333333333	311.4333333333
1295.2777777778	255.0555555556
1297.125	242.75
1301.375	328
1301.7105263158	295.7105263158
1303.6	463.55
1303.1875	480.21875
1304.8157894737	267.2894736842
1304.1666666667	281.2777777778
1305.1470588235	345.1470588235
1304.5	359.4090909091
1304.5	370.4090909091
1304.5	381.4090909091
1304.5	392.4090909091
1304.5	403.4090909091
1304.5	414.4090909091
1304.5	425.4090909091
1304.5	436.4090909091
1304.5	447.4090909091
1306.2333333333	314.1666666667
1308.25	479.875
1305	253.1666666667
1312.5	332.3823529412
1313	289.5
1312.7	304.1
1314.7380952381	455.8333333333
1314.75	471.5416666667
1314	265.25
1315.1666666667	274.1666666667
1316.25	349.5
1315.5	363.3181818182
1315.5	374.3181818182
1315.5	385.3181818182
1315.5	396.3181818182
1315.5	407.3181818182
1315.5	418.3181818182
1315.5	429.3181818182
1315.3	439.7
1317.3	316.7666666667
1319.25	472.75
1323.1470588235	335.8529411765
1323.5	284.25
1323.5	297.7727272727
1324.0555555556	308.9444444444
1325.7380952381	449.7380952381
1325.5	464.4090909091
1327.2058823529	352.9705882353
1326.5	367.3181818182
1326.5	378.3181818182
1326.5	389.3181818182
1326.5	400.3181818182
1326.5	411.3181818182
1326.5	422.3181818182
1326.5	433.3181818182
1328.4375	321.375
1334.5	340.625
1332.5	292.6428571429
1334.5	302.9545454545
1335.625	314.25
1337.0217391304	445.9347826087
1333.5	459.5625
1338.1315789474	358.6578947368
1337.5	373.8636363636
1337.5	384.8636363636
1337.5	395.8636363636
1337.5	406.8636363636
1337.5	417.8636363636
1337.5	428.8636363636
1339.3666666667	326.8333333333
1343	310.1666666667
1346.625	321
1346.2647058824	339.5588235294
1346.9090909091	441.3409090909
1349.0294117647	356.5588235294
1348.5	370.5909090909
1348.5	381.5909090909
1348.5	392.5909090909
1348.5	403.5909090909
1348.5	414.5909090909
1348.5	425.5909090909
1352.75	331.75
1357.0454545455	344.0454545455
1356.7222222222	432.5555555556
1359.9285714286	357.5
1359.5	369.8636363636
1359.5	380.8636363636
1359.5	391.8636363636
1359.5	402.8636363636
1359.9166666667	414.25
1358.5	423.1875
1366.5	363.1666666667
1368	374.8333333333
1368.5	386.2857142857
1368	396.3333333333
1367.6666666667	406.3333333333
1366	414.25
82.7336683417	2.9547738693
121.1457286432	4.9246231156
562.391959799	206.8341708543
588.9849246231	238.351758794
692.4020100503	360.4824120603
742.6331658291	412.6834170854
1064.7035175879	534.8140703518
1079.4773869347	534.8140703518
1093.2663316583	532.8442211055
1072.5829145729	531.8592964824
1101.1457286432	530.8743718593
93.567839196	3.9396984925

